1.382961
1.246454
1.274668
1.145324
1.172809
1.073331
1.079231
1.046457
1.060705
1.02577
1.059216
1.01434
1.102565
1.117053
1.23788
1.060463
1.084894
1.08326
1.088947
1.212029
0.9642923
0.8544772
0.904327
1.038979
0.9163985
1.077965
1.213475
0.8353025
0.9917054
1.013729
0.9349841
1.017486
1.047628
0.9314439
0.9627069
0.9480783
1.065307
1.106301
1.080077
1.212602
1.6669
1.851908
1.621833
1.694274
1.763738
1.460507
1.35193
1.39126
1.385139
1.348793
1.179366
1.139922
1.127335
1.386012
1.231265
1.21931
1.317623
1.097177
1.078729
0.928081
0.914542
0.8633049
1.139783
1.133664
1.153465
1.164379
1.398621
1.347899
1.113677
0.9528169
1.417009
1.515616
1.413578
1.3068
1.117565
1.085417
1.190165
1.284332
1.102507
1.048302
1.155477
1.014494
0.958581
0.9046915
0.8391566
0.9060191
1.212376
1.391712
1.567669
1.583794
1.070885
0.9659264
1.143097
0.968419
1.060851
1.206756
1.189429
1.155802
1.231781
1.29543
1.076068
1.056084
1.094471
1.334775
1.338713
1.3674
1.451004
1.576383
1.426894
1.518568
1.34427
1.27358
1.432382
1.474155
0.9758551
0.9614253
0.8523624
0.8834241
1.072701
1.148822
1.144564
1.150707
1.148516
1.283115
1.425148
1.269322
1.087177
0.9009375
0.8389633
0.8735871
0.8540307
0.9644312
0.8695328
0.7366271
0.6859405
0.9379083
0.8581122
0.8663059
1.063418
1.143778
1.109834
1.042454
1.045081
1.001443
1.056254
1.09079
0.8461542
0.8418077
0.9369576
0.8890801
0.6593097
0.5698542
0.632363
0.8183837
0.9010584
0.99179
1.106648
1.183056
1.054127
0.9603939
0.9891775
1.142212
1.115674
0.9918683
0.8926022
0.8305915
0.7905063
0.7145699
0.8782903
1.043551
1.098002
0.8953899
0.9444668
0.9545013
0.7478348
0.7625235
0.8174492
0.7687344
0.7707189
0.7798358
0.9819655
0.930662
0.8695782
0.8002327
0.9566928
1.139614
1.20718
1.036675
1.021833
1.049306
1.229333
1.213626
1.4428
1.548504
1.180406
1.065844
1.109255
1.105928
1.048935
1.088243
1.187354
1.174699
1.17684
1.19741
1.139746
1.146125
1.114586
1.115384
1.062832
0.9481301
0.8109344
0.8188204
0.9405357
0.8041275
0.9381212
0.9366215
0.8870212
0.859416
0.7671783
1.158187
1.106004
1.071356
1.014306
1.012795
1.060033
1.061086
1.013065
0.9019922
0.9289642
0.9374988
1.054177
1.286569
1.254293
1.168407
1.362857
1.22403
1.029317
0.9816596
1.045764
1.044766
0.9739821
1.106857
1.047333
1.094007
1.230897
1.209245
1.257658
1.303902
1.273323
1.646017
1.60895
1.454977
1.034494
1.112317
1.068561
1.00824
1.173783
1.198923
1.265462
1.229677
1.342131
1.316097
1.137133
1.211892
1.426795
1.140267
0.9183748
1.324888
1.088462
1.016417
0.9928483
0.9711778
1.031083
1.335576
1.468054
1.474463
1.348487
1.415523
1.608033
1.735198
1.36488
1.247009
1.229815
1.075311
1.071846
1.258967
1.364055
1.162408
1.112643
1.450835
1.427655
1.131405
0.8724789
1.021427
1.056584
1.069879
1.185992
1.361885
1.332687
1.18551
1.462223
1.47812
1.359885
1.362511
1.642659
1.477432
1.27149
1.369116
1.141404
0.9352624
1.256926
1.314011
1.894627
1.723474
1.673517
1.519842
1.66046
1.708953
1.412491
1.563397
1.413863
1.555782
1.359093
1.189955
1.198406
0.9349072
1.01205
1.090047
1.012828
1.156596
1.016744
1.290317
1.084264
1.051163
1.034431
1.299301
1.236521
1.300882
1.328941
1.207495
1.31887
1.441282
1.315942
1.284976
1.463807
1.739248
1.715869
1.283047
1.338344
1.29281
1.291678
1.16265
1.110571
1.118156
1.041926
1.243102
1.041767
0.9903429
1.117833
1.024109
0.9964911
1.229695
1.170332
0.95144
1.000603
1.282791
1.153941
1.048118
1.211304
1.230841
1.220721
1.003265
0.8509061
0.8951782
0.855728
0.7542283
0.7808505
0.8262795
1.201496
1.16687
1.023016
1.141907
1.001637
0.9401261
0.9415028
0.8873996
1.195226
1.239761
1.083739
1.072615
0.8225948
0.9309782
1.115873
1.227159
1.313744
1.77307
1.254565
1.238878
1.12107
1.082198
1.065818
1.09602
1.144384
0.8757227
0.9574203
1.122577
1.208845
1.040494
1.045173
0.7964857
0.8935881
0.7897659
0.9961776
1.004268
1.004547
0.9777689
1.145913
1.121117
1.108672
0.8904987
1.091674
1.07838
0.8198302
0.8088713
0.7135219
0.6068165
0.524074
0.5950435
0.6088808
0.6721411
0.6951313
0.7732313
0.8052045
0.8819302
0.9447924
1.051349
1.065242
1.098116
1.078941
1.184332
1.080273
0.8833236
0.9118679
0.9565993
0.8954702
0.9231443
0.997575
1.095421
1.177416
1.158486
1.007372
1.088026
1.212638
0.8886099
0.8322368
1.000758
0.9729667
0.8528559
1.168814
0.9095229
1.24016
1.004416
0.9149375
0.977527
1.078352
0.9348813
0.8929255
1.008556
0.9158994
1.16173
1.07636
0.9302772
0.8139674
0.8973698
0.9123185
0.9362165
1.037087
0.9684768
1.170126
1.350026
1.147973
1.179504
1.62466
1.433198
1.089484
1.216712
0.8591371
0.9551443
1.092005
1.281882
1.424448
1.36027
1.119736
1.284318
1.249961
1.10021
1.051356
1.124285
1.282187
1.219951
1.217928
1.294396
1.332322
0.9220293
1.071305
1.189449
1.409788
1.369477
1.383432
1.50706
1.60601
1.697281
1.528209
1.482366
1.428667
1.330651
1.212546
1.153157
1.360624
1.094746
1.234547
1.23851
1.582055
1.515149
1.335446
1.774801
1.56207
1.27517
1.3721
1.089433
1.434471
1.304827
1.322859
1.223738
1.682098
1.36997
1.178392
1.444811
1.331173
1.10571
1.005897
0.7494794
0.8225706
0.9313001
0.7924035
0.9229866
1.085158
0.8744007
1.109284
1.064502
1.110487
0.9685909
0.8761399
1.000323
1.177361
1.205903
0.9184783
1.156128
1.021669
1.222136
1.223893
1.372813
1.312327
1.591333
1.298103
1.181325
1.473623
1.368406
1.432196
1.423673
1.260139
1.261976
1.185774
1.095439
1.088673
0.9359528
0.8241891
0.9206715
0.7780348
1.049475
1.056563
0.9340975
0.8803514
0.9463812
1.172578
1.395369
1.335317
1.549566
1.395064
1.203415
1.295709
1.096337
1.20495
1.289117
1.115915
1.14347
1.288876
1.134535
0.8701062
1.038422
0.93293
0.9369911
1.031003
1.111998
1.270919
1.167845
1.009417
1.104198
0.8646332
1.008719
1.077773
1.044153
1.111552
1.092998
1.163631
1.327056
1.104315
0.982039
0.8165242
0.7562318
0.9810055
0.9864719
1.129452
1.340611
1.283669
1.025004
0.7981394
1.269074
0.9986705
1.011557
1.124936
0.9196737
0.8749439
0.9112228
1.004419
0.9725783
1.077381
1.397781
1.414676
1.405223
1.408086
1.369262
1.336849
1.424652
1.408812
1.160293
1.202115
1.274291
1.463009
1.316235
1.304734
1.454418
1.277064
1.213024
1.243444
1.295459
1.350877
1.135003
1.159517
1.191727
1.127082
1.132689
1.110456
1.232863
1.074652
0.9832337
1.082676
1.072743
1.075472
1.046534
1.003426
0.9836968
1.166705
0.9889469
1.138855
1.035666
0.976611
1.425243
1.394649
1.505469
1.549133
1.44111
1.276656
1.088419
0.9969771
1.254262
1.34649
1.209421
0.9221465
0.9972787
1.069243
0.8313286
1.080665
1.217454
1.008621
1.077888
1.094804
1.219065
1.329975
1.232566
1.084258
1.166545
1.029014
1.010694
0.8831093
0.7816552
0.8844491
0.9642122
0.9836983
0.8991028
0.9407057
0.878632
0.8815996
1.083581
1.005934
0.8955974
1.194773
0.9514299
0.9479993
0.9303247
1.075814
1.081423
0.9207484
1.01748
1.065177
1.14749
1.381911
1.717134
1.541032
1.392646
1.347098
1.218701
1.447515
1.282197
1.364729
1.352375
1.335723
1.544728
1.163729
1.093201
1.128044
0.9786673
1.012094
0.8722733
1.028298
1.079273
1.240706
1.091449
1.352717
1.03555
1.120554
1.425096
1.299381
1.178797
1.037906
1.06458
1.094882
1.194347
1.322297
1.190867
0.8393492
0.89492
0.9790377
1.189374
1.262901
1.177924
1.132408
0.9575827
1.180619
1.278561
1.184144
1.155885
1.013768
1.044296
1.086979
1.198665
1.071566
1.107343
0.9600221
1.061213
1.001916
1.187176
1.273846
1.41753
1.492266
1.211852
1.270731
1.282794
1.350547
1.156939
1.24254
1.122266
1.059949
1.2067
1.140674
1.342181
1.433542
1.438813
1.218198
1.228694
1.134827
0.9971361
1.122342
1.288233
1.427052
1.485373
1.527475
1.426662
1.245365
1.17323
0.935436
1.03661
1.155539
1.322846
1.521306
1.39407
1.197093
1.158243
1.040205
1.222176
1.097527
0.9389274
0.7806201
0.9332541
0.8017005
1.159898
1.135029
1.418215
1.491305
1.280039
1.323035
1.246934
1.172307
1.139272
1.109332
1.319584
1.280672
0.9523276
1.15444
1.201098
1.245686
1.239304
1.198514
1.353762
1.105778
1.140952
1.093887
1.064499
0.9928186
1.12458
1.037867
1.046006
1.032024
1.114804
1.202749
1.540337
1.672626
1.419929
1.654677
1.178522
1.352433
1.402959
1.373906
1.318057
1.33314
1.37141
1.587372
1.512667
1.228892
1.199166
1.115137
1.155927
1.290378
1.18338
1.499188
1.528902
1.473237
1.520945
1.579923
1.385757
1.293464
1.369888
1.08547
1.019457
0.9431618
1.064051
0.9007062
1.346328
1.439915
1.164362
1.203094
1.417212
1.331189
1.148926
1.195598
1.176358
1.215352
1.102581
1.039496
1.305692
1.233781
1.078542
1.452107
1.133659
1.158447
1.260772
1.171029
1.097173
1.024192
0.9869989
0.8321828
0.7153916
0.775575
0.8320841
1.004982
1.178081
1.098009
1.076537
0.8548723
0.8686377
0.8954852
0.8204498
0.967314
1.141166
1.243226
1.268065
1.251778
1.282226
1.203149
1.112407
1.003374
1.127099
1.108185
1.167076
1.322985
1.168841
1.056314
1.117905
1.082702
1.211422
1.398841
1.126298
1.250673
1.195574
1.32789
1.526059
1.451779
1.558589
1.773808
1.912151
1.512046
1.191083
1.259496
1.5126
1.796998
1.744746
1.328426
1.40153
1.450803
1.395657
1.401905
0.9433768
0.8027497
0.8933529
1.125059
1.140845
1.236297
1.263525
1.448385
1.013789
1.238794
1.165692
1.169677
1.361024
1.29306
1.111865
1.474812
1.575102
1.364717
1.308619
1.36575
1.439445
1.455211
1.269629
1.237723
1.371739
1.454184
1.379334
1.203239
1.079052
1.082386
0.9079892
0.9473901
1.031996
1.270604
1.376275
1.115314
0.9984426
1.026592
1.037318
0.8021915
0.817033
0.8481278
1.086031
0.9605934
1.092203
1.311658
1.125652
1.135546
1.081574
1.241317
1.284328
1.144075
1.193208
1.252062
1.350398
1.286114
1.489994
1.753044
1.588748
1.460456
1.421754
1.303071
1.322193
1.421435
1.319404
1.330133
1.329378
1.482081
1.475099
1.347509
1.465426
1.404116
1.144877
1.465933
1.511129
1.138817
1.414741
1.538958
1.440999
1.30562
1.446231
1.250744
1.079185
1.296579
1.342556
1.258449
0.9552836
1.007111
1.033469
1.248488
1.139585
1.147237
1.244905
1.23532
1.327082
1.104742
1.003618
0.9881856
1.056263
1.130468
1.171432
1.062927
1.305075
1.091146
1.107675
1.000297
0.9682182
1.05125
1.03179
0.7619965
0.8396281
1.064591
1.102331
1.207159
1.096684
1.136887
1.331534
1.505554
1.356362
1.31853
1.48615
1.069234
1.256163
1.351806
1.003458
1.184579
1.199418
1.030482
0.8543729
0.7553144
0.9325466
1.097331
1.312583
1.11898
1.013236
0.9186253
0.935458
0.9569977
1.034764
1.269985
1.416386
1.267239
1.039713
1.142677
1.077747
1.539264
1.557689
1.350147
1.512535
1.448009
1.778328
1.734251
1.263437
1.449666
1.283069
1.194386
1.333567
1.554833
1.420505
1.488354
1.444156
1.161512
1.11267
1.258503
1.102008
1.188496
1.363725
1.126639
0.9784305
0.8636686
0.8719012
0.8346456
0.9237322
0.9726818
0.9457645
1.123739
1.101303
1.406348
1.537138
1.667719
1.286557
1.088788
1.018455
0.9704595
1.023164
1.125714
1.078371
1.034762
1.117473
1.285808
1.176653
1.148392
1.049873
0.9745451
0.8977025
0.9397187
1.031399
0.9005629
1.044536
1.255365
1.345649
1.05891
1.202116
0.9519104
1.008537
1.04329
0.8287456
0.9507145
0.8535524
0.9114414
0.6696235
0.8294924
0.878885
0.8627834
0.9598503
0.8067768
1.075618
0.8955976
1.105114
1.155625
0.9740598
0.9116936
0.9257869
0.9281772
1.04754
1.32877
1.230364
1.457813
1.449138
1.455954
1.458587
1.234571
1.386894
1.306709
1.401248
1.257579
1.370413
1.374284
1.379496
