1.318308
1.540663
1.687525
1.243323
1.194157
2.166126
1.602658
1.918664
1.752356
1.853677
1.625701
1.654854
1.78542
1.743986
1.64137
1.33252
1.975827
1.482989
1.878997
1.965919
1.558663
1.213775
1.641429
1.949144
2.123633
1.975544
1.553263
3.023302
1.81841
1.307691
1.888894
1.864519
1.962498
1.741978
1.504567
1.768134
1.478886
1.991264
1.391862
1.618152
1.535842
1.434203
1.685721
1.701517
1.649575
1.210194
1.369554
1.544524
1.652563
1.295176
1.438224
1.706451
1.777475
1.433415
1.874464
1.547764
1.608295
2.032186
2.135643
1.795542
1.751346
1.4072
1.899575
1.306249
1.820614
1.75776
1.487293
1.776579
1.543705
1.585802
1.505772
1.637792
2.737629
2.260136
1.488037
1.663072
1.51271
1.199286
1.716018
1.760236
1.658363
1.477658
1.693022
1.965646
1.463025
1.960219
1.955408
1.467141
1.85006
2.204064
1.674093
1.438393
2.245445
1.771544
2.005378
1.514819
1.647324
1.562639
1.443385
1.679653
1.747499
1.740158
1.655055
1.611025
1.73287
1.597347
1.864203
1.495979
1.414489
1.693588
1.604092
1.679221
2.065469
1.438217
1.123074
1.472392
1.528982
2.05211
1.3428
1.203137
2.010767
1.570194
1.69267
1.984608
1.870703
1.790906
1.608151
2.062235
1.398086
1.999427
1.944324
1.352129
1.44712
1.655308
1.538571
1.762017
1.667518
1.833352
2.074403
1.468826
1.587235
1.752406
1.735813
1.776295
1.751557
1.661758
1.64785
1.6729
1.989469
2.058936
2.169883
1.662085
1.597049
1.740854
1.47542
2.074684
1.562586
1.644255
1.976791
1.893895
1.748744
1.60293
1.94748
1.598584
1.856746
1.735598
2.560786
2.0644
1.627102
1.897895
1.906582
1.700021
1.917008
1.69415
2.036512
1.429416
2.159602
1.314669
1.906336
1.946772
1.307872
1.705963
1.722096
1.658523
1.282767
1.602255
1.69704
2.185649
1.653974
1.635498
1.581393
1.726541
1.798137
2.119312
2.315036
2.1599
1.503663
1.502227
2.313405
2.11279
1.85575
1.448126
2.297583
1.587531
1.8959
1.691714
2.348158
1.655759
1.35485
1.554254
1.544352
1.98452
1.837792
2.259826
1.290494
2.538373
2.03941
1.41298
1.971757
2.057918
1.937126
1.509355
1.476552
1.593161
2.048379
1.413388
1.807746
1.483509
1.897698
1.799818
1.408862
1.42894
1.603722
1.749527
1.561503
1.82152
1.623461
1.529263
1.402223
1.595068
1.722818
1.762641
1.682762
2.037086
1.573345
1.906014
1.922523
1.319643
1.669651
1.515953
1.78074
1.418851
1.245798
1.31912
1.357304
1.747674
1.523662
1.713997
1.610661
1.785317
1.736375
2.000365
1.666447
1.960934
1.951097
1.935918
1.604074
1.646323
1.402301
1.653495
1.896365
1.865209
1.698856
2.046569
1.743379
1.763195
2.397529
1.986748
1.616011
1.678593
2.108996
1.531411
1.742501
1.736167
1.589065
2.167972
1.366022
1.989206
1.268451
1.578499
1.538635
1.346083
1.931219
2.356455
1.476612
1.454522
1.315739
2.133718
2.093588
1.831869
1.866574
1.929012
1.827528
1.596612
2.017431
1.664418
1.274822
1.748024
1.649078
1.91075
1.297375
1.370715
1.788926
1.982197
2.148802
1.337428
1.552096
1.532426
1.835831
1.570889
1.730154
1.574063
1.245012
1.887825
2.023479
1.628152
1.938481
1.532678
1.689553
1.662163
2.035445
2.221074
1.562519
1.458233
2.019966
1.898715
1.697255
1.730573
1.587885
2.097133
1.521944
1.679415
1.327834
1.073285
1.568981
1.554142
1.719714
2.263295
1.652211
1.365891
2.125948
1.607245
2.385405
2.256719
1.577
1.85413
1.597051
1.771455
1.544858
1.925932
2.396909
1.91639
1.891729
1.872124
2.264328
1.361874
1.51242
1.773246
1.631024
1.481768
1.779587
1.66409
1.232954
1.805925
1.772784
1.625581
1.701953
1.653013
1.915087
1.549946
1.684754
2.501541
2.210518
1.942667
1.365764
2.211189
1.442224
1.906534
1.453289
1.649492
2.111508
1.253352
1.691814
1.724564
1.67213
1.666372
1.5998
1.731676
1.638993
1.665315
2.125905
1.565703
1.577383
1.635696
1.56103
2.260286
1.677231
1.426441
1.780347
1.887013
1.878133
1.587272
2.040295
1.893515
1.410821
1.666116
1.982528
1.860841
2.332882
1.43594
2.003792
1.712499
2.613787
1.687044
1.971398
1.933079
1.819142
1.817173
1.967403
2.392624
1.574627
1.676791
1.675114
2.408309
1.828667
1.692291
1.733731
1.658232
1.738766
1.94741
1.70544
1.918895
1.927925
1.671677
1.657349
2.00522
1.707506
1.744245
1.59958
2.287448
1.645134
2.010635
1.796959
1.621814
1.435406
1.584098
1.738168
1.776456
1.787554
1.998419
1.72661
1.604626
1.69201
2.187353
1.639851
1.388978
1.580399
1.713243
2.184448
1.669704
1.252002
1.613905
1.356773
1.287443
1.253941
1.507949
2.001103
1.675101
1.656684
1.449655
1.859316
1.927627
1.488547
1.476142
1.420675
1.433506
1.545726
1.686331
1.898338
1.705381
1.622913
1.518136
1.449305
2.25001
1.757599
1.795074
2.170645
1.845147
1.457947
1.376297
1.385887
1.820583
1.640223
2.090092
1.567706
1.957806
1.319916
1.759222
1.839016
1.262399
1.563834
2.23224
1.892736
1.878436
2.21334
1.742937
1.474099
1.652493
1.302266
1.684304
1.479616
1.246464
1.956433
1.359194
2.318079
1.862844
1.497289
1.73363
2.137777
1.385134
2.30582
1.871578
1.696186
2.56965
1.678649
1.900757
1.578167
2.072841
1.471524
1.646217
1.575638
2.097151
1.895954
2.101188
1.529811
2.003145
1.868987
1.556454
2.104021
2.254736
1.620345
1.319247
1.807468
1.353299
1.577484
2.090397
1.852147
1.564105
1.740416
1.556067
1.629803
1.989691
2.006424
1.824761
1.53199
1.516773
2.520458
1.965181
2.270971
1.296061
1.77651
1.576458
1.778133
1.402817
2.202848
1.632473
1.805312
1.789527
1.976208
1.5529
1.642567
1.576425
1.717691
2.097238
1.664958
1.486801
1.609526
1.801544
1.537384
1.375419
1.408656
1.509552
1.497799
1.484181
1.291398
2.323522
1.705854
1.840414
1.8804
1.704061
1.921424
1.560705
1.871818
2.027572
1.550437
1.953401
1.386563
1.782493
1.726156
1.579565
1.794383
1.593664
1.935726
1.881035
1.58917
1.760421
2.083922
1.690489
1.691383
1.588251
1.651059
1.976768
1.942026
1.988133
2.515167
1.909825
2.003477
1.207144
1.805509
2.093333
1.808512
1.758258
2.074322
1.781045
1.724972
2.088757
1.662496
1.728591
1.750173
1.318503
1.765552
1.751047
1.80507
2.051954
1.91574
1.74765
1.438084
1.29419
1.777041
2.109102
1.795988
1.471977
1.69232
1.430959
1.836132
2.013611
1.792941
1.565472
1.922613
1.69731
2.265124
2.035866
1.618638
1.904559
1.540646
2.032972
2.200219
1.4679
1.474804
1.678635
1.805576
1.998122
1.792553
1.561241
1.951127
1.389417
1.482716
1.773093
2.009443
1.7218
1.177349
1.752846
1.348569
2.410874
1.735004
1.559805
2.144598
1.751542
1.947019
1.692127
1.578132
1.980423
1.813635
1.757134
2.17793
1.47794
1.879104
2.041679
2.471439
1.793673
2.101652
1.768075
1.557817
1.485432
1.77782
2.020814
1.413377
1.482058
1.995055
1.450727
1.519702
1.489342
1.819944
1.239473
1.4932
1.709424
1.951479
1.461154
1.694055
2.050562
1.789436
1.628768
1.448717
1.925775
2.018831
1.88235
2.133581
1.807664
1.5403
1.716737
1.55974
1.711633
2.016547
1.828678
1.548131
1.532273
1.806978
1.896133
1.856515
1.935371
2.096082
1.832296
2.04192
1.98151
2.240696
2.211231
1.735573
1.722329
2.240538
1.7741
1.628938
1.563136
2.153338
2.133229
1.736599
1.64113
2.246506
1.497214
1.467923
1.719635
1.715106
1.834872
1.881633
1.478019
1.852116
1.406156
1.547718
2.48504
1.734399
1.786953
1.776697
1.727147
1.65094
1.597887
1.889878
1.487748
1.595935
1.39511
1.846568
1.477653
1.846305
2.063068
1.47456
2.214827
1.95483
2.186947
1.952469
1.867041
1.196117
2.146692
1.674247
2.092628
1.372029
1.592242
1.296173
1.967437
1.745822
1.774121
1.804424
1.707112
1.444252
1.787468
1.506185
2.124798
1.521274
1.557178
1.701198
1.586779
1.747721
1.814841
1.862855
1.517205
1.947689
2.637603
2.203745
1.463589
1.564208
2.059102
1.905302
1.681533
1.51135
1.620309
1.489732
1.146875
1.777805
2.096304
1.300727
1.801984
1.412186
1.800237
1.629239
1.786819
2.011042
1.496049
2.524824
1.56821
1.81131
1.506003
1.669269
2.1423
1.676809
1.793799
1.306073
1.569882
1.877936
1.988636
2.219434
1.655222
1.660372
1.74719
1.32648
1.907795
1.828342
1.669672
1.594082
1.543112
1.611815
1.903079
1.404519
1.952708
1.213512
1.493362
2.031359
1.9363
2.070603
2.467563
2.458696
1.79538
1.443439
1.944302
1.704847
1.912981
1.765035
2.279628
1.887533
2.10283
1.893946
1.891675
1.797403
1.824219
2.171326
1.931434
1.780678
1.631089
1.893287
1.4683
1.926347
1.856907
1.941734
1.833904
1.561844
1.88911
1.582708
2.031814
2.300778
1.652923
2.344932
1.62534
2.166071
1.7836
1.773308
1.944121
1.768039
1.124202
1.684378
1.590505
1.689625
1.456379
1.602444
1.348588
2.221412
1.598472
1.542079
1.647198
1.64404
1.67919
1.638947
1.370576
1.533229
1.257403
1.781189
2.088566
1.749152
2.028594
1.715205
1.711806
1.533484
1.533005
2.36397
1.840837
1.963624
1.780673
1.656965
1.70141
1.692946
1.623741
1.832247
1.706046
1.718705
2.159533
1.659228
1.54925
1.751639
2.048582
1.45469
1.382203
1.587357
1.697842
2.413479
1.263232
1.590778
1.697113
1.861268
2.453408
1.598726
1.765689
1.603642
1.706653
1.876732
1.721928
1.581657
2.087185
1.494917
1.62762
1.858912
1.543121
1.559693
1.634401
1.66219
1.819115
1.758295
1.908513
1.559174
1.596315
2.028976
2.273791
2.02882
2.302771
1.808533
1.616994
2.625207
1.846385
1.625339
1.599238
1.643499
1.788048
1.981087
1.623332
1.988318
1.700401
1.430894
1.539315
1.883511
1.37265
1.775227
1.694083
1.72475
1.963202
1.183734
1.515773
1.645736
1.802539
1.14475
2.167102
2.09401
1.581201
1.332735
1.404853
1.971546
1.759472
2.014838
1.533892
1.548813
1.880985
1.205014
1.881018
2.100937
2.030384
2.02692
1.875145
1.146258
2.049828
1.842789
1.7264
1.668899
1.72824
1.759754
1.564558
1.393834
1.370653
1.336418
1.410918
1.615047
1.826484
1.614204
2.070279
1.956269
1.834456
1.585831
1.873411
1.733584
1.993725
1.660082
1.696776
1.320962
1.967368
2.030427
1.758064
1.358443
1.554046
1.702674
1.480821
2.053413
2.166753
1.686471
1.857854
1.690437
1.517713
1.487778
1.880052
1.565683
1.746001
1.723442
1.452025
2.108425
1.765892
1.967224
2.017192
1.225913
1.910624
1.657213
1.589367
1.571958
1.840102
1.633076
1.735649
1.828867
2.29922
1.199464
1.459056
1.576241
1.629333
1.742327
1.75515
1.563655
2.261604
2.110336
1.302071
1.901777
1.700417
1.742817
2.050764
1.377652
1.921363
1.593077
1.881186
1.35807
2.081515
1.644838
1.4462
1.850074
1.582865
1.663821
2.097272
1.541813
1.800532
1.403486
1.119425
1.978112
1.953087
2.23572
1.695128
1.195917
1.331143
1.873184
1.429305
1.576581
1.579151
1.68373
1.986544
1.46545
1.85782
1.473022
1.611589
1.881458
1.516503
1.359838
1.727228
1.556342
1.746701
2.066835
1.653043
1.983326
1.930134
1.810186
1.278063
2.268113
1.31748
1.357899
1.582293
1.619881
1.342687
1.728137
1.517569
1.492192
1.426615
1.619101
1.786169
1.914196
1.748194
1.909557
1.516996
1.568401
1.500019
1.755653
1.61288
1.657413
1.758667
1.490297
1.863324
1.514461
1.97206
1.830309
2.220455
2.125714
1.992722
1.6024
1.416646
1.658605
1.688034
1.559995
1.490602
1.65064
1.370853
1.690682
1.320066
1.753804
1.70938
1.331657
1.354813
1.787279
1.799473
1.616631
1.984777
1.446351
1.702661
2.117598
1.67875
1.525253
1.533035
1.681028
1.905816
1.679572
1.607339
1.798017
2.045583
1.607816
1.627774
1.379105
1.257791
