1.891742
1.786656
1.690786
1.586463
1.820442
1.895838
1.625576
1.683214
1.867835
1.928737
2.236419
1.523475
1.520282
1.828013
1.276172
1.129788
1.531386
1.775034
2.081284
2.161459
1.570957
1.511233
1.675924
1.222216
1.713065
1.608454
1.571735
2.093789
1.411265
1.921462
1.913575
2.255561
1.459487
1.591145
1.26494
2.2257
2.049125
1.456254
1.907778
2.020618
1.69688
1.403615
1.398495
1.701072
1.859245
1.612148
1.485979
1.797138
2.025274
1.793829
2.045003
1.6497
1.907604
2.05876
1.480752
1.677855
1.897842
1.606119
1.924203
1.449146
1.387761
1.553004
1.520997
1.577534
1.447734
1.337254
1.404849
2.104961
1.676409
1.904945
1.736185
1.801022
1.641508
1.416708
1.766248
1.811884
1.281956
1.683437
1.349344
1.675036
1.91203
1.370562
1.898449
1.584752
1.47688
1.637537
1.858611
1.802637
1.391385
2.427607
2.024691
1.670409
1.481114
1.623824
1.513866
2.004992
1.532385
1.728086
1.972432
1.291244
1.614455
2.400033
2.134516
1.459317
1.928578
1.528457
1.872563
1.4403
1.800468
1.876501
1.958219
1.416136
1.352091
1.380472
1.723772
1.970589
1.832014
1.866234
1.615588
1.561279
1.39639
1.746151
1.377607
1.292382
1.394572
1.584823
1.666692
1.269022
2.258685
1.928643
1.690671
1.582656
1.330764
1.808384
2.216501
1.280544
1.312284
1.964382
1.756219
1.615016
1.861951
1.607923
2.216315
1.656693
1.786634
1.535999
1.541571
2.092264
2.256778
2.006586
1.378392
1.710461
1.712454
1.617332
1.772193
1.320193
1.736413
1.934599
1.734686
1.836703
1.635556
2.205607
1.466878
1.544674
2.44096
1.81603
1.954259
1.983246
1.461398
1.892046
1.791758
1.495264
1.377391
1.78124
1.441676
1.503721
1.684274
1.826796
1.802037
1.941344
1.533425
1.78509
1.839019
1.956831
1.907181
1.649864
1.943789
1.640848
1.412466
1.650671
1.664185
1.423043
1.554388
1.745672
1.463876
1.655266
1.886479
1.62499
1.877023
1.688718
1.494744
1.43525
1.907325
1.839021
2.112431
1.651625
1.823964
1.866632
1.741667
1.653676
1.393184
1.61073
1.676192
1.874832
1.796538
1.614846
1.366414
1.403836
2.419325
1.481388
1.645649
2.128114
1.657356
1.560728
1.854992
1.629174
1.291975
1.680442
1.824518
1.706749
1.885015
2.243248
1.931684
1.437453
2.113828
1.755399
1.624662
2.528903
1.915307
1.88201
1.877743
1.583844
2.192985
1.946794
1.638984
1.609074
1.584458
1.745262
1.924876
1.775315
1.358415
1.827937
1.722202
1.516044
1.609696
1.734318
2.238766
1.947891
2.180231
1.864554
1.803364
1.844618
1.965947
2.173682
1.730222
1.011568
1.916227
1.691408
1.801548
1.904759
1.626438
1.465217
1.433913
1.846476
1.908536
1.836117
1.70797
1.745696
1.65024
1.719068
1.977036
1.898308
2.085161
1.87349
1.534109
1.966881
2.12222
1.549975
1.723609
1.77205
1.851304
1.226069
1.700404
1.62787
1.507096
2.038166
2.030272
1.927023
2.078577
1.908909
1.720412
1.949434
1.654427
1.412776
2.046781
1.796709
1.059145
1.769755
1.98179
1.449499
1.481069
1.446193
1.904077
1.80771
1.376289
1.41707
1.862911
1.985408
1.813811
1.647568
1.606474
1.96287
1.267325
1.67444
1.654346
1.942004
1.79189
1.779366
1.825169
1.638495
1.772253
1.760862
1.992666
1.749139
1.625465
2.012383
1.28455
1.637303
1.797419
1.345817
1.428497
1.654677
1.528
1.281403
2.017449
1.607882
1.603489
1.657238
1.705587
1.73037
1.644602
1.745526
1.320596
1.635452
1.642061
2.246025
1.336887
1.674004
1.196109
1.454423
1.432415
1.681121
1.810824
1.674558
2.29359
2.367701
1.706474
1.725351
1.900193
1.417699
1.605375
1.618484
1.948401
1.969806
2.049803
1.510219
1.908632
1.419074
1.730662
1.616223
1.549217
1.763252
1.648944
1.510591
1.405605
1.881868
1.641576
1.853369
1.473135
1.987799
1.506038
1.71311
1.951227
1.69846
1.378374
1.741436
1.669033
1.779945
1.877793
1.454419
1.874277
1.748247
1.329828
1.563396
1.78283
2.202571
1.968962
1.741956
1.479393
1.721928
1.562772
1.71332
1.843523
1.76692
1.398737
1.31605
2.169336
1.426616
1.614075
1.582568
1.524032
1.328287
2.243776
2.295936
2.107969
2.321339
2.047855
1.511453
1.948624
1.532449
1.242602
2.087348
2.320659
1.710475
1.889907
1.561133
1.544255
2.441872
1.568879
1.640372
1.944539
1.890687
1.381282
1.778502
1.444071
1.491486
1.828393
1.617782
1.903382
1.748467
1.530034
1.472078
1.558276
1.434213
1.473208
1.684024
1.414939
1.77647
1.273148
1.647172
1.57568
2.115972
2.242298
2.331474
1.771037
1.427814
1.604148
1.800079
1.834008
1.757478
1.877372
2.58812
1.779373
1.844114
1.996319
1.641536
1.809377
1.708
1.495005
1.448522
1.428713
1.777544
1.5459
1.499316
1.958892
2.29978
2.002292
1.785152
2.162444
1.583139
1.794007
1.731653
1.387558
1.66441
1.667281
1.473618
1.869148
2.03466
1.925509
1.697302
1.766494
1.604678
1.696751
1.978094
1.559806
1.764653
1.681481
1.63571
1.554768
1.285764
1.789011
1.651389
2.018448
1.332453
1.704656
1.946192
1.675014
1.618342
1.999541
1.681041
1.863972
1.334402
1.756649
1.517077
1.364966
1.375058
1.853985
1.504647
1.634731
1.557659
1.799096
1.852606
1.822106
1.585085
2.284893
2.173951
1.802236
2.265947
1.613482
1.518453
1.940252
1.785376
1.906783
2.174147
1.506807
1.445486
1.815582
2.403002
1.807632
1.820874
1.612173
1.821616
2.400198
2.00038
1.612958
1.621902
1.952968
1.983667
1.911971
1.807068
1.527596
1.806768
2.03406
1.554663
1.930381
1.746586
1.560199
2.10117
1.849902
2.441981
1.512277
1.541949
1.759686
2.139919
1.653357
2.076454
1.503531
1.673237
1.867991
1.773937
2.273725
1.628901
1.871577
1.972793
1.357034
1.910674
1.819217
1.06934
1.974012
1.486731
2.104203
1.756301
1.676987
1.438398
1.564844
1.657897
1.980203
1.618829
1.735256
1.803323
1.41592
1.475299
2.463222
1.463823
1.99156
1.633414
1.731814
2.016962
1.579474
1.436013
1.65463
2.035966
1.638239
1.885148
1.603623
2.127441
1.283544
1.328169
1.75236
1.913156
2.036042
1.613512
1.560151
1.764741
1.690488
1.764468
1.200614
1.762122
1.636856
1.981038
2.2037
2.671793
1.746772
1.68973
1.807541
1.376869
1.928459
1.756684
1.612968
1.473188
1.878256
1.585254
1.922972
2.161556
1.763137
1.714664
1.793645
1.498418
1.80253
1.894768
1.874228
1.677438
2.002183
2.181944
1.689016
2.097388
2.0468
1.823625
1.401475
1.72232
1.789422
1.65772
1.70613
1.346113
2.261406
1.642504
1.621651
2.098973
1.891507
1.825688
2.600542
2.404099
1.345948
2.023815
1.617167
1.50603
1.564647
1.480457
2.299314
2.126025
1.711508
1.296622
1.577869
1.680542
2.34482
1.832536
2.038247
1.715167
1.556551
1.534302
1.431642
2.364796
1.538787
2.146325
1.681626
1.766027
1.519276
1.658728
1.913835
1.645362
1.495388
1.875557
1.576386
1.712982
1.871116
1.920179
1.602798
1.200039
1.295997
1.743944
1.408721
2.01432
1.248838
1.772991
1.700727
1.816175
2.360492
1.754184
1.547202
1.480707
1.742957
1.610627
2.28899
1.812128
2.346998
1.547056
1.350284
1.290876
1.861664
2.167455
1.922482
1.80603
1.383983
2.168221
1.52777
2.353705
1.6847
1.876184
1.9222
2.053099
1.566592
1.777737
2.137793
1.684817
1.874994
1.452195
1.33776
1.454912
1.879933
1.979675
1.426331
1.866869
1.936568
1.751596
1.778718
1.868982
1.425834
1.582271
1.606461
1.638196
1.608949
1.954427
2.084473
2.022541
1.645156
1.87524
1.576366
1.501656
1.652066
1.92702
1.18632
2.1384
1.64756
2.060583
1.95065
1.153527
1.984858
1.45833
1.689892
1.60033
1.697013
1.469384
2.157308
1.661935
2.366298
2.286482
1.731494
1.922929
1.55294
1.726907
2.203925
1.840372
1.914633
1.657621
1.246197
1.417892
2.239699
2.044864
1.694704
2.208905
1.499257
2.510727
1.319323
1.558106
1.918964
1.324822
1.41417
1.324098
1.640293
1.870312
1.459598
1.73912
2.011359
1.994044
1.561562
1.971127
2.02725
1.855083
1.654131
1.822705
1.476755
1.874914
1.574264
1.593241
1.806419
2.056291
1.957516
1.650874
1.93129
1.796706
1.603133
2.107852
1.730433
1.639164
1.58278
1.669739
2.028788
2.00319
1.82818
1.450428
1.48136
1.782256
2.11955
1.609608
1.643952
1.392648
1.472203
1.632416
1.698385
1.749484
1.81685
2.001329
1.647527
1.684386
1.567075
1.930615
1.718429
1.969248
1.557122
1.54741
2.021959
1.59633
1.346043
2.320036
1.67167
1.59086
1.942653
1.626705
1.818537
1.40781
1.931514
1.469959
1.900481
1.971838
1.745932
1.461891
1.720572
1.501118
1.830247
2.192419
1.517727
1.368734
1.51603
2.035209
1.817887
2.159728
1.857222
1.479844
1.475208
1.659344
1.534744
1.497555
1.448902
1.696961
1.32135
1.855195
1.422395
1.804681
1.60272
1.513894
1.85946
1.863624
1.980245
1.846638
1.905212
1.496671
1.815753
1.593007
1.115921
1.237581
1.900019
1.599132
2.295872
1.651022
2.048336
1.840644
1.593562
1.884176
1.599739
1.876002
2.085043
1.890454
1.907821
1.307092
1.909352
2.060407
1.660385
1.41874
1.680211
1.811237
1.797381
1.788781
2.064966
1.609048
1.570604
1.637026
1.773687
1.912368
2.063006
1.514947
1.668716
1.461191
1.549524
2.042273
1.283366
1.755821
2.183928
1.586666
1.673325
2.305747
1.911687
1.652032
1.338451
1.796018
1.625493
1.563901
1.514469
2.280293
2.060214
1.799214
1.919057
1.435066
1.818877
1.567902
1.91307
1.860064
1.672334
1.786296
1.254791
1.154439
1.947588
1.341383
1.730987
1.381016
1.522892
1.968057
2.059346
1.593445
1.609216
2.156235
1.51367
1.678315
1.724913
1.686461
1.262584
2.311863
1.498403
1.67805
1.703847
1.888145
1.575087
1.868585
1.996058
1.637494
2.149034
1.426807
1.737365
2.179367
1.616445
1.381932
1.826521
1.783641
2.037834
2.011422
1.537991
1.478161
1.689877
1.926397
1.333985
2.154277
1.577329
1.526526
1.332817
1.843087
1.446581
1.784976
2.092853
2.228573
1.267125
1.675807
2.013725
1.485836
1.669737
1.710463
1.453736
1.853419
2.136526
1.575284
2.265252
1.608323
1.586714
1.306393
1.463171
2.183367
1.284561
1.612676
1.802262
2.327186
1.676543
1.633605
1.740783
1.31506
1.469067
1.423468
2.12326
1.781378
1.713031
1.628541
1.564578
1.360624
2.017106
2.664015
1.472688
1.803744
1.770979
1.948496
1.369671
1.313341
1.583682
1.686337
1.723578
1.512114
1.930614
1.749125
1.461681
1.64612
1.694301
1.663431
1.705361
1.347449
1.527245
1.679315
1.94024
1.820253
1.138574
1.4907
2.010852
2.130682
1.807632
1.688936
1.575272
1.993255
1.23968
1.444329
1.769122
2.065373
1.99706
1.452071
1.938987
1.653152
1.959775
1.820738
1.647038
2.215193
1.647419
1.274176
1.859719
1.78635
1.533258
1.762853
1.940247
1.30909
1.724115
1.875055
1.804448
1.716128
2.228119
1.381517
1.771718
1.920489
1.456737
2.065933
1.514132
1.878903
1.817708
1.825143
1.876135
1.577046
2.129197
1.496319
1.929086
1.704636
1.536332
1.896928
1.248823
1.761791
1.526063
2.086208
2.087603
1.773973
1.828095
1.609688
1.781692
1.731612
1.497698
1.552732
1.592887
2.019335
1.882257
1.818738
1.67494
2.115623
1.669295
2.094192
1.855761
2.393429
1.748489
1.664882
1.71782
1.752875
2.06977
1.406804
1.469042
1.708489
1.613458
1.855423
1.502847
1.902266
1.706308
1.970094
1.98314
1.973478
1.345184
1.755077
1.434288
1.159082
1.761396
1.633823
1.924571
1.475317
2.14204
1.533767
1.688665
1.681946
1.740257
1.210216
1.603867
1.380678
1.655701
1.628894
1.709824
1.851225
2.302736
1.542065
1.666982
1.509493
1.482819
1.750265
1.630983
1.925688
1.963037
1.448406
2.238173
1.90099
1.694803
1.487245
1.567167
1.279794
1.343386
1.993264
