2.233268
1.927015
1.832751
1.74617
1.690035
1.674587
1.724883
1.689718
1.772525
1.36526
1.616219
1.847854
1.852088
1.409897
1.577171
1.57454
1.779398
1.600504
1.363497
1.714507
1.505367
1.675982
1.678138
1.532143
1.541541
1.541633
1.489187
1.673081
1.731451
1.7151
1.738625
1.593243
1.77273
1.728727
1.512499
1.850733
1.465151
1.442384
1.558554
1.818623
1.922946
1.624389
1.897178
1.749139
1.635616
1.61584
1.626094
1.784005
1.656556
1.71425
1.867632
1.801671
2.0045
2.012464
2.128677
1.833716
1.723957
1.922294
2.045667
1.66385
1.560211
1.99025
1.846843
1.710764
1.561259
1.807963
1.644061
1.566146
1.629032
1.96349
1.911847
1.812681
2.003812
2.042905
2.051836
2.252541
1.877688
1.977686
2.048099
1.676812
1.74728
1.493206
1.666676
1.826346
1.71611
1.827031
1.832618
1.789255
1.631681
2.025773
2.067827
2.015298
1.754294
1.696459
1.55991
1.720854
1.742118
1.574314
1.62799
1.70927
1.744135
1.43515
1.593478
1.573126
1.709903
1.53971
1.519827
1.752463
1.560865
1.688283
1.761809
1.609128
1.679389
1.476889
1.358523
1.667741
2.103989
2.081025
1.85966
1.977243
1.971266
1.858496
1.973211
1.544096
1.553103
1.568246
1.899431
1.996214
1.758618
1.531805
2.000881
2.103181
1.650601
1.968733
1.773625
2.016139
1.751695
1.646928
1.791811
1.812615
1.94694
1.552685
1.363807
1.52955
1.56679
1.894064
2.082596
1.913293
1.613182
1.457205
1.594658
1.678237
1.543394
1.956229
1.701005
1.726324
1.733384
1.867186
1.748025
1.793269
1.839213
1.753244
1.735811
1.803854
1.986395
2.165398
1.598967
1.892733
1.933376
1.921988
1.898071
1.82934
1.833857
1.816678
1.780453
1.753736
1.751754
1.794427
1.613605
1.69189
1.788835
1.777039
1.922599
2.091272
1.980355
1.88072
1.768414
1.672721
1.911059
1.451088
1.543585
1.64327
1.565137
1.632918
1.821538
1.720076
1.450969
1.672491
1.640815
1.608588
1.505313
1.825139
1.749228
1.802126
1.695551
1.846696
1.625724
1.7295
1.786124
2.072492
1.828157
1.730873
1.90656
2.011858
1.688481
1.817673
1.649983
1.521657
1.461624
1.647776
2.066153
1.824907
1.972519
1.757812
1.849672
1.580686
1.766172
1.830372
1.534414
1.645527
1.786707
1.715774
1.724402
1.64013
2.05892
2.059555
1.976516
1.720905
1.802502
1.861631
1.779467
1.578601
1.48144
1.563615
1.317499
1.55385
1.935672
2.003126
1.898223
1.929564
1.707063
1.884135
1.744984
1.667654
1.742877
1.691447
1.332385
1.248885
1.496285
1.638639
1.899139
1.995905
1.745668
1.754288
1.945008
1.741974
1.501234
1.529867
1.628461
1.75078
1.730754
1.439008
1.764328
1.63412
1.959874
2.056349
1.90627
1.551202
1.81778
1.658972
1.718883
1.633892
1.495624
1.233593
1.555476
1.524726
1.447289
1.697683
1.84549
1.949256
1.811282
1.543534
1.827963
1.419057
1.604929
1.625617
1.749249
1.631802
1.572312
1.642005
1.592722
1.824127
1.650224
1.474562
1.645349
1.547351
1.73621
1.955718
1.845261
1.548612
1.775678
1.675925
1.721354
1.885485
1.638047
1.873423
1.672422
1.739985
1.829263
1.776895
1.670694
1.663479
1.45359
1.650983
1.686764
1.965473
1.922096
2.312821
1.825452
1.682937
1.768333
1.811275
1.985547
1.887844
1.852667
1.53645
1.626699
1.991627
2.119237
2.161873
2.032282
1.948567
1.720328
1.470201
1.460403
1.579632
2.071992
1.471192
1.866259
2.004716
1.473422
1.593808
1.888993
1.631803
1.739985
1.705929
1.722637
1.821007
2.025946
1.634599
1.958614
1.9374
1.430793
1.679713
1.635706
1.626907
1.760126
1.666512
1.780204
1.820378
1.716111
1.555971
1.938959
1.673742
1.682798
1.517053
1.496849
1.427907
1.494933
1.399849
1.419738
1.687302
1.825956
1.7287
2.20154
1.651705
1.612595
1.382975
1.765447
1.895953
2.075491
2.107276
1.699376
1.53366
1.592557
1.530851
1.424969
1.417879
1.692174
1.954011
1.704905
1.344921
1.32995
1.383091
1.273028
1.41346
1.545133
1.725729
1.552873
1.355302
1.320281
1.667117
1.699202
1.713977
1.830042
1.64779
1.657758
1.620792
1.677904
1.822705
2.116251
2.016445
1.817511
2.007469
2.108101
1.868358
1.971975
1.997119
2.18624
1.725527
1.87045
1.416861
1.480808
1.618435
1.628696
1.941109
1.71349
1.859027
1.960786
2.105353
1.827759
1.623773
1.61521
1.514772
1.558359
1.61536
1.189483
1.40879
1.786439
2.02085
1.977148
2.414096
2.076504
1.912744
1.553869
1.699216
1.841343
1.565314
1.814567
1.872646
2.038287
1.827029
1.86751
1.897918
1.75881
1.423747
1.34328
1.424479
1.538658
1.682871
1.645033
1.907906
1.721491
1.358465
1.646614
1.454329
1.420921
1.622895
1.811921
1.641297
1.516895
1.401729
1.931093
1.795681
1.661387
1.357015
1.379339
1.841706
1.817252
1.751012
1.767938
2.042296
1.805337
1.921813
1.93026
1.786249
1.754049
1.717123
1.889718
2.117046
2.309513
2.064765
1.840938
1.873406
1.895281
1.901585
1.541516
1.590192
1.684504
1.753504
1.791125
1.76983
1.80398
1.739507
1.861553
1.941553
1.60049
1.712334
1.711916
1.548797
1.307608
1.529981
1.404344
1.919445
1.641917
1.718225
1.531446
1.707084
1.540929
1.52065
1.765691
1.329492
1.325484
1.26207
1.494839
1.460177
1.708539
1.511118
1.664871
1.794597
1.853858
1.745328
1.887343
1.410353
1.551755
1.270194
1.600322
1.693855
1.839383
1.64187
1.960275
1.712215
1.72947
1.618768
1.596371
1.578881
1.669653
1.429333
1.557108
1.722247
1.611403
1.464485
1.482962
1.578755
1.53546
1.979465
2.05219
1.976127
1.97431
1.483227
1.622141
1.669135
1.682803
1.496408
1.77039
1.971855
1.70444
1.770814
1.791006
1.647289
1.529245
1.662746
1.637269
1.623669
1.575307
1.795463
1.739702
1.623719
1.436768
1.623352
1.72622
1.536431
1.630545
1.883697
1.73158
1.398945
1.738638
1.653936
1.736997
1.813888
1.509212
1.775705
1.740589
1.745755
1.693754
1.42863
1.603525
1.995102
1.870082
1.81265
1.858434
1.696775
1.508933
1.785176
1.769118
1.755105
2.12566
2.041167
1.78439
1.465843
1.388801
1.698804
1.786577
1.87602
1.752009
1.749137
1.695838
1.695558
1.895195
1.607271
1.453002
1.326246
1.64857
1.582985
1.573473
1.556151
1.615643
1.638351
1.721075
1.950419
2.118726
1.964316
1.969586
1.78459
1.573804
1.730193
1.856967
1.701772
1.837931
1.733341
1.772166
2.189372
1.677033
1.403231
1.440481
1.614887
1.665706
1.722523
2.009246
2.40777
1.705153
1.549164
1.673246
1.711942
1.773797
1.775148
1.806128
1.679015
1.441093
1.537264
1.633907
1.709117
1.627431
1.47891
1.703713
2.111233
1.768955
1.548183
1.325584
1.534746
1.616196
1.535123
1.763315
1.859984
1.749632
1.263324
1.380777
1.923491
1.920841
1.895714
1.871452
1.853488
1.659887
1.634123
1.590068
1.453457
1.205068
1.404071
1.382382
1.753079
1.889961
1.723765
1.696557
1.52861
1.643649
1.583578
1.707028
1.781693
1.80198
1.82583
1.777003
1.420104
1.859618
1.793602
1.656105
1.6986
1.739502
1.640519
1.439952
1.564904
1.520677
1.766373
1.890583
1.682241
1.529233
1.484806
1.592553
1.735405
1.725841
1.456353
1.549682
1.701565
1.869048
1.6968
1.709119
2.075159
2.073629
1.830496
1.584406
1.968736
1.917261
1.814647
1.825582
1.675146
1.534137
1.745779
1.340713
1.626626
1.700358
1.835067
1.866677
2.170729
1.977677
1.524161
1.879558
2.23636
2.040467
1.860559
2.005739
1.662577
1.60066
1.799746
1.552288
1.580254
1.884931
1.70363
1.695185
1.853082
1.752961
1.663518
1.634603
1.415285
1.459939
1.543398
1.567072
1.568929
1.682801
1.603258
1.443479
1.652677
1.51591
1.710968
2.009773
2.036754
1.602265
1.949407
1.721586
2.224239
2.208509
1.828859
1.892615
2.050537
2.356949
2.269182
1.772632
1.677211
1.781529
1.591652
1.608944
1.54045
1.618351
1.883242
1.92344
1.736283
1.858453
1.674139
1.701055
1.464282
1.444786
1.304856
1.625899
1.750234
1.620508
1.53884
1.648409
2.114447
1.798663
1.962112
1.881555
2.000561
1.748694
2.078128
1.73298
1.801541
1.90065
1.870667
1.88522
1.846495
1.836086
1.484289
1.210253
1.527463
1.708858
1.480692
1.476804
1.803288
1.9173
1.650101
1.760133
1.615619
1.958273
1.812272
1.695549
1.996022
1.783131
1.619276
1.432585
1.275769
1.27743
1.462384
1.589836
1.727512
1.65017
1.696769
1.596677
1.731702
1.955749
1.80009
1.782959
1.695928
1.609741
1.55673
1.998983
1.76205
1.615874
1.54399
1.724305
1.861233
1.826776
1.939506
2.042931
1.948123
1.634061
1.66943
1.588374
1.862664
1.563211
1.367354
1.296781
1.541487
1.634008
1.780937
1.63992
1.65147
1.534457
1.53372
1.949439
1.918485
1.725004
2.019963
1.880066
1.666021
1.685398
1.621287
1.402523
1.596695
1.67822
2.123098
1.997488
1.893587
1.711798
1.592719
1.570217
1.165461
1.167881
1.505321
1.551879
1.712247
1.889721
1.922273
1.733236
1.478886
1.622589
1.541327
1.477243
2.130198
1.733999
1.361384
1.419539
1.539831
1.496178
1.587794
1.454026
1.828467
2.022007
1.832146
1.574385
1.773874
1.648466
1.908908
1.587231
1.804222
1.763009
1.86005
1.662337
1.600538
1.490875
1.687022
1.477372
1.261452
1.293701
1.5568
1.423593
1.694482
1.771862
1.828071
1.877024
1.596433
1.759816
1.49217
1.443423
1.397094
1.641892
1.40563
1.590567
1.455515
1.671791
1.795514
1.579873
1.476562
1.694857
1.584643
1.755171
1.860553
1.732098
1.828656
1.54929
1.886732
1.472082
1.862929
1.462307
1.937319
1.766426
1.500422
1.342254
1.440169
1.365242
1.806333
1.542641
1.371522
1.340974
1.600053
1.693745
1.742555
1.842502
1.88473
1.771219
1.680105
1.719665
1.597355
1.583525
1.412965
1.734109
1.57978
1.866995
1.487917
1.456477
1.626266
1.388207
1.387351
1.745935
1.790149
1.594186
1.693299
1.46398
1.842131
1.73603
1.842339
1.808572
1.878125
1.781932
1.743789
1.785621
1.613135
1.896382
1.939873
1.667681
1.469342
1.415221
1.287959
1.188429
1.404505
1.701162
1.491274
1.61067
1.514913
1.577094
1.870207
2.185961
2.043908
2.200928
2.423139
1.978292
1.46553
1.60677
1.964458
1.805869
1.730059
1.394628
1.644328
1.758803
1.509252
1.622924
1.560486
1.834929
1.823393
1.726643
1.842175
1.948354
1.753558
1.623845
1.663252
1.351595
1.391331
1.564779
1.671168
1.46092
1.641489
1.444089
1.687813
1.658193
1.76486
1.704477
1.345196
1.209489
1.32229
1.189728
1.316859
1.806137
1.737043
1.638215
1.432435
1.477967
1.736321
1.788905
1.799337
1.971774
1.914163
1.652484
1.7391
1.948126
1.988068
1.661239
1.911217
1.975151
1.828332
1.628655
1.389889
1.309353
1.404948
1.755518
1.806616
1.665082
1.631976
1.564579
1.903131
1.739448
1.712415
1.719578
1.812994
1.675741
1.601978
1.508661
1.773228
1.776207
1.666422
1.556681
1.609438
1.72311
1.758906
1.951102
1.71079
1.634764
1.51334
1.603945
1.544163
1.823012
1.75224
1.765293
1.853883
1.629682
2.062387
1.687283
1.834598
1.898151
2.053249
1.721907
1.532467
1.689856
1.749246
1.486309
1.598699
1.625555
1.586461
1.611568
1.343414
1.657581
1.741844
2.002128
1.486644
1.819004
1.725963
1.945169
1.621226
1.61941
1.733485
1.61416
1.998064
1.854636
1.784302
1.586141
1.694715
1.896562
1.762169
1.550926
1.536505
1.689293
1.555726
1.552837
1.535571
1.677845
1.424597
1.589001
1.61796
1.768213
1.710907
1.617449
1.636577
1.748442
1.64167
1.534102
1.684462
1.935777
1.665743
1.543381
1.683865
1.651961
1.92709
1.746757
1.783784
1.913747
1.973181
1.921858
1.891965
1.924903
1.978829
1.371095
1.317815
1.342067
1.280806
1.292135
1.577059
1.835195
1.974422
1.666943
1.614891
1.616077
1.765665
1.81041
1.711395
