3.620937
3.577275
4.103188
3.935464
5.515423
4.031843
4.216538
4.124186
4.933463
4.572861
4.529791
4.96648
5.488221
4.159471
4.556658
5.250703
5.220152
5.125516
4.885221
4.4966
4.07884
4.403248
4.421407
5.240301
4.873083
5.08963
4.687428
4.365345
5.280629
4.442408
4.537068
4.25398
4.651885
4.883126
4.985923
5.103398
5.028604
3.888139
4.377
4.945966
5.275846
5.506632
4.590666
4.174359
3.921646
4.255189
6.498456
3.9188
4.840067
4.839953
3.704507
4.808359
5.596866
5.086315
5.006942
4.607458
5.141446
5.316967
4.159064
4.853697
4.487574
4.865184
4.777901
4.432715
4.153373
4.900626
5.510211
5.374761
4.246045
4.266407
4.227585
4.548431
5.018126
5.164467
5.412974
4.630551
5.423972
5.595305
4.873563
4.381866
3.967368
4.727141
4.42255
5.355912
5.838384
4.766383
4.509022
5.436802
4.841801
5.086197
4.735697
4.187431
5.154544
4.571329
4.425377
5.066459
4.362051
4.287974
4.242978
4.273375
5.332483
4.617223
3.951276
4.18627
4.858396
4.214646
4.689331
3.851723
4.941995
5.206916
5.318989
5.507301
5.028057
4.667182
5.39125
4.325566
4.57695
5.137486
4.635927
5.765042
4.922452
4.686937
4.337019
4.933992
3.865671
3.60842
4.873622
4.335762
4.872077
4.03144
3.876788
3.993953
5.226413
4.70792
4.541503
4.166118
3.998817
4.636462
4.770625
4.727969
4.63083
4.702288
4.684104
4.878347
4.756642
5.773227
4.484318
4.461802
5.428779
4.964553
4.142389
5.074064
5.252671
3.990111
4.18255
4.611946
4.429657
4.26144
4.876655
4.781063
4.917593
4.413019
4.589125
5.170101
4.849013
5.252103
4.958531
5.103165
5.201122
6.043832
4.576138
5.054138
4.994717
5.003923
4.195095
5.676643
4.866815
4.863798
4.495544
4.085226
4.854402
4.33028
4.840399
4.753201
5.036397
4.075951
4.876763
4.246439
4.589973
4.308671
4.259466
4.342878
4.657805
4.087581
4.343592
4.286502
4.417805
5.342275
4.504522
5.127425
5.350899
5.109033
5.4027
4.410341
5.28347
4.783101
4.463346
5.021555
4.035463
5.516541
4.696304
4.684787
4.055889
4.399583
5.020658
4.963578
5.114366
4.625232
5.082477
4.375222
4.683932
4.937726
3.789148
4.431516
4.895187
4.223303
4.517661
3.879021
4.754929
4.710201
4.077357
3.806403
3.966453
5.17972
4.6097
4.644917
4.573609
4.589235
4.083578
4.16722
4.465214
4.962507
4.373251
4.088414
3.85595
4.142597
4.272492
3.958858
3.919013
4.797752
4.938167
5.080039
4.635035
4.340886
4.674811
5.40516
4.887408
4.278117
4.694526
4.828735
4.569718
4.632946
4.291052
4.615451
5.586829
5.283698
4.107817
5.914169
4.386799
4.936556
5.044181
5.000628
4.762464
5.042644
3.932555
4.890806
4.138905
4.529327
4.509874
4.878281
4.663415
5.272002
4.36734
4.387023
4.979605
4.827699
5.364724
5.057236
4.638025
5.44066
3.955503
5.116218
4.300454
4.93464
4.791629
4.263745
4.597578
4.677775
4.397535
4.483963
4.227692
5.877373
4.124561
5.093374
4.4113
4.894197
4.977969
4.860425
4.435598
5.799313
5.742031
6.087316
4.612329
5.795381
4.603305
4.637847
4.597305
5.072366
4.993922
4.803237
4.632015
5.215598
4.303825
4.299235
4.934939
5.214399
5.238232
5.012206
4.485431
5.428314
5.230097
4.88559
4.795845
5.663201
4.763564
5.858721
5.737597
4.89582
6.162868
4.869962
5.162678
5.262691
4.596324
5.001122
4.334545
4.336738
4.221897
5.142235
4.961957
4.010092
5.103961
4.143049
5.008563
4.780961
4.779423
5.617914
4.384185
5.009966
4.463618
4.684641
5.630163
4.942923
5.166742
5.277417
5.481635
4.586757
5.635322
4.585032
4.905895
4.284042
5.078442
4.833789
4.980509
4.32125
4.685754
4.647527
5.00292
4.423969
5.02686
4.826983
4.787696
4.253301
4.874782
4.972391
5.101517
4.509326
4.459001
4.745522
4.593299
4.898494
5.194798
4.790309
5.324883
5.358605
5.250218
6.341932
5.595587
5.438571
5.211989
4.777767
5.526197
5.336385
4.967627
5.147592
4.787625
4.293209
5.317459
5.033121
4.598038
5.078245
4.53157
4.068582
4.711733
4.149838
4.582064
5.689151
4.235467
4.68266
4.023061
5.163519
4.879011
4.813146
4.50398
4.290647
4.982893
5.306843
5.535344
4.87483
5.09891
5.025127
4.453686
4.724677
5.027805
5.829676
4.271115
5.26205
4.661157
4.570536
4.7898
4.70311
4.994592
5.271505
4.184338
4.469795
4.769338
4.489783
5.091005
4.562715
5.491665
4.556243
4.2644
4.931769
3.90099
4.669594
5.117292
5.338413
4.704195
5.624982
5.18135
4.884718
4.798018
5.207501
4.800934
5.195082
4.506106
4.958975
4.20175
4.374843
4.731742
5.10652
4.655431
4.371662
4.951055
3.990507
4.246134
5.134479
5.940527
5.575149
4.294372
4.725151
5.00696
5.027981
4.942982
5.019107
4.821927
4.879688
4.719776
5.161312
4.485351
5.031601
4.489961
4.912984
4.059547
5.716431
5.243385
4.986234
5.332264
5.119701
4.083714
3.996854
4.7663
4.599756
4.715363
5.883916
4.390394
4.314029
4.776571
4.054339
4.827099
5.0836
5.02848
4.54984
4.58808
4.13129
5.356963
4.60492
4.226575
4.725019
4.764816
4.658319
5.350624
5.914673
5.055841
4.505208
4.256239
4.193789
5.289726
5.084928
3.927185
3.946437
5.089433
4.433764
4.839143
4.276396
4.281287
4.642863
3.826271
3.75903
4.183986
4.083189
4.18935
4.704382
3.997388
5.129013
5.388196
4.502595
4.61014
5.448385
5.264012
4.624374
4.190121
5.222752
4.641006
4.403327
4.827075
5.165232
4.309077
4.022127
4.278202
4.73663
5.494864
4.645183
4.520798
5.471092
4.580397
4.025249
5.34689
4.901964
5.086655
4.798781
4.197653
4.634857
4.638213
4.59581
5.169062
5.104605
4.342198
6.034946
4.41562
3.799669
4.597526
5.172746
4.055467
4.783276
5.79067
4.77415
5.088896
5.143821
5.738859
4.881779
4.239827
4.595105
5.833059
4.836807
5.12371
6.146157
5.003912
4.988911
5.54414
5.38346
5.036958
4.61444
5.022194
4.474491
4.495726
4.921754
4.967621
4.523912
4.466462
5.309883
4.550179
4.877789
5.202041
4.891193
4.924906
5.418034
3.958676
4.39984
4.781928
4.766725
4.635943
4.335186
4.419643
4.429818
4.168129
4.437535
4.718658
4.353678
4.871489
4.420931
4.471337
5.024437
4.423231
4.42773
4.404601
4.505017
4.293054
4.619317
4.013297
4.617664
4.659689
4.103148
4.290741
4.191302
4.218809
4.654412
5.127798
4.597063
4.255943
4.80458
4.95968
5.479013
4.330858
5.058019
4.389772
4.447669
4.778197
4.452536
4.47746
4.838092
4.782875
4.36745
4.588267
5.103226
4.760697
4.840284
4.359645
4.742821
4.884303
5.068708
4.718467
4.27356
4.420245
4.410492
5.09772
5.016046
4.123119
4.511054
3.860393
4.526811
4.596349
4.140258
4.67118
4.197117
3.98915
4.776076
4.610618
4.954517
4.466744
4.324595
4.659038
5.251893
4.729829
4.94972
5.830027
4.337635
4.686668
4.539035
4.230543
5.325709
4.769662
5.033095
4.290819
4.781222
4.738118
4.908695
4.25857
4.545976
5.26919
4.123701
4.368618
4.637068
4.445332
5.101366
4.788295
4.617095
5.195152
4.986644
4.841675
5.399259
5.045018
4.402405
5.734911
5.535334
5.190166
4.684165
5.395494
4.877317
5.389113
4.414086
5.350769
4.694214
4.584575
4.80011
3.994099
4.456326
4.595132
5.277813
4.66181
4.776392
4.573561
3.945432
4.861442
5.379797
5.357316
4.395721
4.751755
4.710053
4.745661
4.774251
4.306757
4.582301
4.971472
4.475219
4.768344
4.763488
4.044715
4.986343
4.507196
4.9323
4.718184
4.579945
5.153591
4.446739
5.31125
4.783892
4.508322
5.135766
5.197869
5.307062
5.189006
4.199941
5.780648
5.629567
5.665618
4.830494
5.265634
4.689333
4.454625
4.994786
4.553892
4.913144
4.710323
5.012223
5.465969
4.982504
4.863482
4.509386
4.668681
4.774916
4.563541
4.855386
4.987284
4.767244
4.815847
4.455229
4.90268
4.906144
5.403291
5.104395
5.519684
5.304237
5.374635
4.614972
5.344135
4.711653
5.64485
4.650747
5.36985
4.928748
5.098394
6.191694
5.085036
5.135451
5.465873
4.684792
5.272704
5.332372
4.825003
5.278398
5.09626
5.103314
4.35691
5.152074
4.759393
5.448655
5.655564
5.326146
4.420334
5.646379
5.387134
6.058804
6.047594
5.230867
5.307791
5.551946
5.067269
5.4888
5.490932
5.051724
4.859482
5.389082
4.875733
6.100015
5.292003
5.522621
4.757907
4.687423
4.318346
4.824574
5.680412
4.916922
4.220498
4.596156
4.825362
4.326163
5.459585
4.903453
4.812958
4.652608
4.2361
4.761144
4.792076
4.797884
5.210153
5.780857
5.45164
4.922922
4.502176
5.000947
4.919155
4.790172
4.916747
5.097354
5.35794
4.699991
4.390963
5.474656
4.143876
4.682855
5.321934
4.879728
5.407406
4.627458
4.85457
4.654612
4.539596
5.463235
5.355657
5.268911
4.954758
5.131256
5.323073
5.336505
5.303755
4.633678
5.634505
4.456992
4.061626
4.352008
5.02746
5.047809
5.588958
4.627458
4.082572
4.714932
4.177991
4.933971
4.631837
4.935434
4.449453
4.090297
4.622087
4.902246
4.19634
4.433642
4.625488
5.160775
3.862098
4.982961
5.108905
5.016769
4.973526
4.393032
4.684524
5.137799
4.188102
4.799183
5.113797
4.904659
4.583797
5.154596
4.728631
5.441043
5.212885
5.305291
4.599005
5.102807
5.363449
5.602802
4.696105
5.236111
5.588735
4.73195
5.398004
6.037874
4.428416
4.980884
4.426573
5.230364
4.721718
5.016384
5.069808
4.424828
4.360892
4.78967
4.411603
5.271579
5.64717
5.462002
4.530285
4.809404
4.236431
5.518987
5.165779
4.994436
4.991793
5.162206
5.113792
5.905173
5.370524
4.960492
4.999088
5.698442
5.719752
5.247702
5.574963
4.356862
5.039811
4.23856
5.360803
5.584006
5.01943
5.297734
5.177775
5.15371
5.471701
5.234947
4.999368
5.144462
6.085513
5.165179
5.866595
4.747208
4.995214
5.775877
5.122574
4.563957
5.046362
5.256414
5.932497
6.129171
4.894507
4.987712
4.898043
4.82511
5.324882
4.83417
5.164313
5.293329
5.097696
5.002512
5.234814
4.931085
5.866512
4.600349
5.615949
5.207281
4.991492
4.820398
4.970474
5.487414
5.033593
5.700605
4.888026
5.192976
4.622165
5.674678
5.637666
5.713614
6.03401
6.412381
5.346399
5.002941
4.992028
5.118113
5.209279
4.994554
5.300645
5.552093
4.788459
4.762123
5.146876
6.014819
5.413043
5.232104
5.564694
5.616749
5.721542
5.757569
5.447703
5.373592
4.732254
6.996883
4.710771
6.13475
5.190516
4.463393
4.518184
4.657784
4.556064
4.859484
5.149875
4.076453
5.35216
4.443891
4.928303
4.912878
4.799456
4.491221
5.466212
4.694877
4.656984
4.29986
4.614723
5.008895
4.687572
4.577053
5.12129
5.279055
5.348742
5.522963
5.458136
5.461569
5.496649
5.158009
5.52507
5.839896
5.640448
5.295178
5.050887
5.154695
5.462882
5.412553
4.210993
4.560563
4.531659
5.629534
5.282262
5.439665
4.797221
5.743239
4.984954
3.992447
5.351935
4.849771
5.771671
4.867433
4.527561
4.802329
5.210827
5.022314
4.838059
4.278377
4.930986
4.030695
5.199648
4.851541
4.169459
4.997414
4.964864
5.113894
5.512668
4.245838
5.213222
5.286509
4.872645
4.812205
5.222055
4.57952
4.962514
5.162463
4.794512
5.250524
5.224497
4.099279
4.868991
4.780325
5.536255
4.153284
4.506652
4.561471
5.256927
4.814706
4.253391
4.942491
4.87142
4.480468
4.714319
5.071795
5.096345
4.294928
4.561495
4.818464
4.423242
4.517536
4.644296
4.527548
4.595125
4.593009
4.303775
4.665167
5.735715
4.689513
4.86459
4.413347
4.767107
4.850933
4.769204
5.148678
5.440032
5.247927
4.430356
4.367735
4.657069
4.795161
4.271408
5.108898
4.847235
4.476043
4.865667
4.309254
4.584949
4.669407
4.803719
3.863804
4.410731
5.215124
4.697753
6.08223
5.549486
5.571578
4.937645
4.857087
4.693044
5.063552
4.097771
4.446727
4.584711
4.797392
4.692725
3.88621
5.295072
5.352963
5.129769
5.276888
4.124142
4.212433
4.929966
4.887731
4.48141
4.415795
4.666216
4.990154
4.179396
5.342027
5.207326
4.972671
4.683577
4.00091
5.968097
4.492217
4.445056
4.449338
5.072427
3.577035
5.156112
4.693166
4.326947
4.701654
4.392935
3.855381
4.13754
4.841638
4.943208
5.206818
5.124447
4.320707
5.010446
5.928068
6.285492
4.740454
5.444643
4.827138
4.745849
4.739525
4.10527
4.613234
4.431347
4.563909
3.904146
5.005905
4.067655
4.570131
3.946835
4.432778
4.83041
5.064283
5.269405
5.235055
5.097339
5.848973
5.114064
4.905207
4.837496
4.772284
4.807527
4.198659
4.377308
4.957874
3.985082
5.234138
3.756283
4.73624
4.696466
4.434018
4.50036
5.761544
5.179271
4.961202
4.865663
4.656685
5.852754
5.879223
5.581186
4.078566
4.767587
4.639066
4.549118
4.873434
4.867433
4.943352
5.358912
4.500757
3.850678
4.963574
4.243601
4.76411
4.636221
4.894216
4.736954
4.780633
4.416213
5.440311
4.917452
5.321335
5.788613
5.766537
5.014828
5.014231
5.721362
4.326014
4.704666
4.080014
5.374201
4.803172
4.968656
4.300059
4.520692
4.512367
4.88293
4.752396
4.528192
4.907186
4.487344
4.944863
4.49031
5.208699
4.901415
5.623983
4.902556
5.06841
4.734066
5.166664
4.439135
4.735524
4.796658
4.524663
4.332341
4.791648
4.748304
4.285363
4.352335
4.387749
4.436954
4.599148
4.315838
4.922355
5.1965
5.154271
4.662135
5.07692
5.798654
4.842818
4.640924
5.504842
4.780009
4.458827
5.275992
4.894268
6.028465
5.653704
5.379483
4.643503
4.151491
4.854995
4.911837
4.53726
4.988627
4.179687
4.982508
4.409781
4.998161
4.43728
4.853093
4.971314
4.703052
4.751284
4.965518
3.983977
4.214248
4.663998
4.272007
4.806719
4.458674
4.661159
4.506665
5.606499
5.008562
4.875331
4.424349
5.155976
5.089948
4.714715
4.821252
4.996144
4.78047
4.292047
5.630311
4.767323
4.637489
5.157878
4.551177
6.151917
4.952803
4.97202
5.160882
5.116072
4.574467
5.000061
5.09283
5.046581
4.599099
4.620291
4.98919
3.884837
4.372064
4.584452
4.274759
4.304049
4.951252
4.629819
4.274004
5.020951
4.249796
4.841031
5.295093
4.442778
4.995132
5.100807
4.577027
4.55011
4.390374
4.864973
5.217998
4.296321
4.587296
4.08068
5.598785
4.987261
4.357119
4.644802
4.630362
4.758116
4.635226
3.886681
4.423834
4.592415
4.71615
5.313987
4.516072
5.01143
5.129004
5.218244
5.282262
4.628141
3.946279
4.61874
4.977843
4.574945
4.70136
4.726146
4.429064
5.384059
5.091241
4.329185
5.073841
4.919114
4.408353
4.786059
4.361964
4.178782
4.289645
4.844093
4.802289
4.380561
4.319899
5.214148
4.630293
4.51716
5.16955
4.913833
4.537176
4.785254
4.917463
4.972201
5.457328
4.597485
4.924145
5.403094
4.782374
5.421292
4.770999
4.788826
4.717911
5.238104
4.634863
4.889749
4.003026
4.44987
4.598566
5.02277
4.641654
4.722867
4.203296
4.667255
4.467008
4.137217
4.713754
4.569147
4.799672
4.318849
4.789184
3.883652
4.270124
4.123538
4.593753
4.074192
4.123865
5.503267
4.664536
4.83282
4.391858
4.575432
4.593955
5.037699
3.994638
4.547992
4.490268
4.728729
5.032239
4.674347
4.181434
5.062489
3.957411
4.523552
4.280479
4.606416
4.415564
4.588992
4.882399
4.232581
4.415758
4.780331
4.267239
4.104357
5.488057
4.418572
5.157423
4.467324
5.02282
4.624871
3.652874
4.143869
4.203819
4.739447
4.786976
4.408368
3.965217
4.098947
4.157661
4.541255
4.767228
4.979218
4.818503
4.30695
5.403752
4.556432
4.676325
4.518658
6.014431
4.558082
5.561161
4.832392
4.752419
5.17796
4.291768
4.637453
4.488006
3.847631
4.461476
5.490347
4.706379
4.715403
4.601927
5.383485
4.297989
4.463092
4.345293
5.344943
4.794076
4.999724
4.146291
5.126235
4.869771
4.859453
5.001363
6.011598
5.455088
4.556115
5.330815
5.516588
5.222027
4.506467
4.842257
5.147881
5.452385
5.53592
4.635157
5.295156
4.355715
4.319197
4.840983
4.23212
4.784501
4.355444
4.771548
4.584663
4.81149
4.198813
4.826539
3.704292
4.298016
4.638611
4.8717
4.858515
5.364962
5.489765
4.809307
4.874082
4.697565
5.858049
5.651255
5.912014
4.858376
5.087201
4.750902
4.383506
4.779194
5.098891
4.758585
4.5023
5.041038
4.102647
4.961438
4.748361
4.913514
4.783775
4.701974
4.952182
4.9972
4.562811
4.566985
4.89065
4.564518
4.56949
4.406854
5.626729
5.016294
5.098831
4.691127
4.728096
4.957213
4.906672
4.914979
4.842965
4.782526
4.555269
4.4447
4.979983
5.362536
4.853747
3.808505
5.6574
4.619778
4.34071
4.014077
4.315952
4.773578
4.609349
5.042663
4.579631
4.460521
3.987661
4.147331
4.354759
4.544053
3.815145
4.524079
4.546265
4.216841
4.637197
4.844996
3.815766
3.777268
4.452373
4.562695
4.697935
4.924018
3.987332
4.725117
5.161687
4.139288
4.861457
5.387363
5.249923
4.640903
4.658332
5.100388
4.919777
4.546187
4.450341
5.029481
5.481704
5.709293
5.767442
5.417963
4.75273
4.881528
4.992289
5.0831
4.677639
4.408022
4.297291
4.025074
4.464571
4.236276
4.355743
4.961005
5.914056
4.478327
5.03435
5.753586
4.543796
4.994387
4.919089
3.964931
5.274028
4.713723
4.778447
4.540273
4.611584
4.152937
4.187347
4.171598
5.007427
5.025413
5.668967
4.830756
6.100805
5.24959
4.7968
4.614737
4.987359
5.213719
4.671466
4.697317
5.313893
4.570176
4.888235
5.309368
4.523375
5.622569
5.63127
5.147325
5.711491
4.858079
4.779558
5.123376
4.511443
5.489152
5.264329
5.121616
5.364167
4.791495
5.303644
4.617408
4.827744
4.765624
4.437239
5.741364
5.40284
5.35873
4.795267
4.903246
5.014762
4.747207
5.295782
6.155603
4.984379
5.256706
4.966991
5.188935
4.792482
4.646621
5.798966
4.20753
5.226191
4.964646
5.506408
4.831263
5.05848
4.621364
5.206285
4.833991
5.042891
5.111386
5.186194
4.800095
4.630463
4.389032
5.564495
5.696861
4.954275
4.838245
4.915574
5.503739
4.471957
4.473904
4.508975
4.767661
4.638112
4.730686
4.370629
4.07772
4.336102
4.588677
4.440518
4.535345
4.760564
4.671705
4.825521
5.893777
4.588636
4.45188
4.656435
5.665615
4.922975
5.756308
4.821352
4.674042
4.652431
4.354635
4.801228
4.62176
5.295434
5.017461
5.30446
5.639701
4.452543
4.492643
5.453654
4.591565
4.354131
4.106806
3.833445
4.948274
4.702622
5.140791
4.298936
3.82031
4.207673
4.166762
5.193317
4.697348
4.231596
4.778891
5.038991
5.424653
4.975357
4.898154
4.346048
4.255962
5.63037
4.970869
5.272706
4.728566
5.001347
4.483929
5.065843
4.152271
4.723905
4.477216
4.360553
4.539092
4.961015
5.402417
5.040382
4.664902
4.647467
3.650708
4.367705
4.431524
5.231897
4.311074
4.982648
4.195207
4.288928
4.104846
4.497005
5.134327
4.780067
4.623273
5.250166
5.099777
4.352767
4.408812
4.609907
4.734034
4.679357
3.972862
4.668309
5.411484
4.869783
4.792563
5.58472
4.421222
5.79501
4.952449
4.590387
4.576942
4.812162
4.461185
4.819753
4.949298
5.020793
4.770618
3.84511
4.296627
4.383278
4.868816
4.790021
5.292009
4.862313
5.234334
4.087764
5.288305
4.309617
5.444233
4.484159
4.359464
4.780622
4.553229
4.820826
5.269806
5.202797
6.037778
5.035891
4.355061
5.358019
4.600827
4.586499
4.800816
4.523948
5.115853
4.651838
5.390723
4.982205
6.047801
4.7713
4.57986
5.022725
5.0656
4.357322
4.678884
4.151231
5.553005
5.231272
5.911059
5.197115
5.676028
4.716279
5.141085
4.852141
5.171761
5.516223
4.47085
4.680696
4.317833
4.353162
5.247788
5.1118
4.437065
3.882436
4.409773
4.977654
4.246304
4.318231
5.033346
4.319125
4.450218
3.792816
4.371263
4.78292
4.535396
4.778083
4.834503
4.472881
4.069639
4.305265
5.905104
4.871325
4.999396
4.75688
4.733075
4.409984
4.960752
4.618185
4.591267
5.073028
4.259113
4.889044
6.017799
5.149311
4.439511
5.462738
4.156174
4.461894
4.321429
4.06077
5.3346
4.089415
4.610706
3.692811
4.37613
4.220062
4.696624
3.905641
5.018763
3.795928
4.783836
4.555024
4.236796
4.308774
3.52345
5.205408
4.492334
4.6951
5.529014
5.50106
4.463667
5.175228
4.475573
5.16035
4.509826
4.544527
4.161563
5.478122
4.707487
4.615325
4.318841
5.236586
4.821731
4.835747
4.087087
4.281087
4.849481
5.072331
4.762379
5.569061
5.061396
4.907421
4.987769
5.635789
4.124491
4.338833
4.948135
4.743687
4.806125
4.335884
3.883252
4.158627
4.512844
5.065422
4.492078
4.638444
4.731653
4.712698
4.139209
4.028101
4.359581
4.043482
4.604825
4.187907
4.28945
3.570296
5.343534
5.022797
4.952458
4.728713
4.621014
4.527505
4.357392
4.479599
5.449352
4.746163
5.008147
5.145642
4.813535
4.937846
4.240891
4.201958
4.892912
4.409053
4.774703
4.309921
4.264008
4.346703
4.183241
5.034629
4.445984
5.001256
4.364569
4.210537
3.980122
4.300766
4.831985
4.451803
4.614365
3.626033
5.242208
4.994283
4.130676
4.223028
4.291382
5.252297
5.123374
4.522545
4.828132
4.733286
6.071096
4.772694
5.282011
5.234391
4.526038
4.221458
4.982046
4.644429
4.166616
4.342033
4.898483
5.128988
4.720916
5.283992
4.575072
5.156592
5.498919
4.534531
5.261407
4.756252
5.135356
4.119449
4.538004
5.156143
5.053502
5.013907
5.189173
5.341291
5.172898
4.27216
4.829448
4.753571
5.449429
5.584532
5.440353
5.799844
4.868652
4.817282
4.694354
5.30044
4.660672
5.153561
5.312814
5.84817
5.422677
5.319645
4.807844
4.736228
5.952387
5.41495
5.558243
5.344361
5.544389
4.80707
5.741342
4.971011
5.469992
5.666575
5.395841
5.204911
5.937139
4.577646
5.400028
5.420431
5.068801
5.824352
5.055028
5.244773
4.607617
4.990941
4.671651
5.214276
5.091752
4.533902
4.248325
4.897225
4.800324
4.788974
5.263183
5.296705
6.694931
5.117104
4.32521
4.435679
4.726806
5.570909
5.466401
4.652787
4.915647
5.194963
4.329988
5.056813
5.779827
4.386208
4.069992
4.243568
3.937877
4.930145
5.058686
4.529774
5.323775
5.361563
5.041616
4.056974
4.576823
5.351371
4.669818
5.123483
4.425621
6.302209
5.942215
4.575182
5.585011
5.86958
4.977335
5.077581
5.136993
5.536697
5.625607
4.514549
4.987576
4.987703
4.596773
5.03704
5.22685
6.051422
5.031326
4.604187
4.913337
4.721173
4.470438
4.525506
4.731557
5.310998
4.957552
4.273284
6.010013
6.218187
5.099527
5.173658
5.241512
4.922262
4.821216
4.986454
5.523984
5.083501
4.887512
5.741593
4.360957
4.873254
4.822122
4.998699
4.877184
5.261944
5.072182
5.217169
4.90337
4.822079
5.282654
4.265557
5.262692
4.303069
4.747336
4.582869
4.649104
3.784737
4.402854
4.206561
3.759845
4.435693
4.224097
4.868224
4.186834
4.25236
4.948929
5.114129
4.597564
4.505791
4.534241
4.650184
5.115035
4.464178
4.648593
4.892679
4.114558
4.574061
3.436381
4.322629
5.380735
5.546332
4.958181
5.102191
4.756285
5.173557
5.2576
5.118838
4.503716
4.685106
4.538497
4.257105
5.277782
5.847484
5.143225
5.063818
4.703815
4.937505
5.427809
5.810622
4.659735
5.553278
4.879625
5.005733
5.174775
5.031598
4.939011
4.888132
4.626457
5.202335
5.814784
5.552901
4.152389
4.313808
5.109955
4.196226
4.884815
4.826872
4.471339
4.618128
4.783104
5.000846
4.461489
4.411501
5.238202
4.177558
4.796611
4.702421
4.866529
4.477235
4.724501
4.08104
4.474997
3.727575
4.472251
4.911701
4.88094
4.478266
4.392241
4.311992
5.200095
5.052705
4.554377
4.503742
4.911722
5.576349
3.880207
4.478935
4.224575
4.443555
4.270541
4.977549
5.23557
5.396079
4.986346
3.964157
4.866808
4.052928
5.498094
4.286109
4.857283
4.524434
4.673545
3.813443
4.702439
4.533923
5.849115
4.190189
4.940351
4.896966
5.173144
5.328748
4.803767
5.264509
5.245309
4.630744
4.189916
5.539887
5.297997
4.422583
4.608688
6.510632
5.122025
5.257681
4.576513
5.631473
4.777815
5.880855
4.898593
4.688338
5.262549
5.187903
4.715633
5.080047
4.957549
5.308383
5.074694
5.138787
5.353723
5.121136
4.956758
5.060038
5.653568
5.883146
4.827865
4.872301
4.890951
4.866011
5.370596
4.712492
4.673493
5.310191
5.11829
5.012636
6.173139
5.014766
5.773725
5.143385
4.390695
4.927069
4.556821
4.277167
5.666922
4.299917
5.224239
5.292114
5.390423
4.719995
4.734843
5.016569
4.799326
5.243673
4.477645
4.975718
4.68568
4.791043
5.484979
5.031257
5.223043
4.947872
5.583806
4.653471
5.050281
4.908315
5.041088
5.584399
4.356905
5.558246
5.596181
5.250317
5.449511
5.284384
5.32298
5.364481
5.697489
4.630175
5.103248
5.370834
4.903162
4.939379
5.09507
4.45876
5.18767
4.711718
5.145073
5.281388
5.68564
5.47909
5.437383
5.018318
6.424208
4.737875
5.834103
5.308992
5.09201
5.556258
5.27519
6.438007
4.726601
4.784127
5.172543
5.044613
5.219324
5.724364
5.538564
4.84702
5.32743
5.13122
5.008289
4.591106
4.760611
5.414125
5.154959
4.558253
4.520639
4.755381
4.653575
4.777643
5.128887
5.433032
5.894598
5.208597
4.913012
4.674258
5.408532
5.453473
5.326978
5.784848
4.532594
5.492419
5.114673
5.488725
5.236198
5.509508
5.122452
4.380719
4.900262
5.113986
4.613802
4.988526
4.56798
5.417876
5.42862
5.463687
5.438868
5.28837
5.172312
4.842539
4.822589
5.360821
5.415165
4.836062
4.478031
4.977758
5.166243
5.102432
5.110103
4.868069
4.417631
4.729788
4.76318
4.610704
5.185357
6.221014
5.577769
4.130534
4.3478
4.904399
4.53587
4.750363
4.996991
5.226773
4.959126
4.757259
4.556008
4.864526
4.885958
5.421308
4.976781
4.272674
5.59556
4.27782
3.903367
5.04595
5.160292
4.273002
4.918999
3.704009
4.301497
4.801486
4.897043
4.955822
4.890921
4.559722
4.423163
4.679466
5.250876
4.385201
5.039389
6.042944
4.706117
4.593341
3.914048
3.816284
4.933983
4.265698
5.112464
5.114752
5.239427
4.549233
5.061226
4.680768
5.102568
5.519138
5.088257
4.284901
5.329095
5.267044
5.487906
5.002842
5.03437
4.729246
4.646575
4.580555
4.835645
4.628325
4.28672
4.540258
4.841019
3.386016
4.880828
4.556056
4.176607
5.407799
3.728884
5.022652
4.468065
4.292958
4.39467
4.024074
4.278482
4.831195
4.951874
5.256579
4.691937
4.856239
5.819114
5.127856
4.467271
3.9863
5.247516
5.233383
3.920255
4.420599
5.183183
5.013903
4.639671
5.436404
4.778917
4.998469
5.078804
4.657536
4.662434
4.796975
4.46364
5.804692
4.092325
4.896294
5.28545
6.265751
5.132119
4.978228
4.302756
5.830831
4.373821
5.162795
4.483682
5.374245
5.134802
4.84547
4.838936
5.173005
5.009793
5.244308
4.535479
4.420617
4.800517
4.807714
4.3287
4.700547
4.905065
4.300526
4.097415
3.853089
4.822977
4.810862
4.455352
4.405835
4.824345
4.622035
4.688772
5.959402
5.240148
4.847103
4.794244
5.543349
5.355851
4.599666
4.650421
5.063447
5.367971
4.457896
4.096164
5.236173
3.959271
5.055249
4.552059
5.384713
5.31228
4.878097
4.363427
4.373046
5.613571
5.159934
4.416708
4.627959
4.275253
4.948232
4.966252
4.494247
4.587863
5.181159
5.065879
5.665864
4.679954
4.882086
4.658784
5.580198
4.70433
4.808764
5.155402
5.238245
4.617068
3.856255
3.883374
4.738177
4.780833
4.315331
4.50191
5.029743
4.646093
4.842642
3.839384
4.63007
5.173984
4.453675
5.271931
5.235627
4.649138
4.190323
4.623296
4.6331
4.913132
5.07866
5.210887
4.780275
4.98086
4.105351
5.09554
5.172676
5.20343
3.936341
5.193769
4.845892
4.907336
5.214591
4.564747
4.761769
4.833799
4.984247
5.343375
4.761732
5.124683
4.284547
5.098287
4.092468
4.307973
4.557283
4.569791
4.721588
4.148363
4.127501
5.063859
4.857494
5.747842
4.985359
5.308741
4.809834
4.496952
4.74765
4.398038
5.011114
5.432538
4.568272
4.774931
5.266691
5.301104
3.967013
4.237822
4.438471
4.081681
4.85757
4.834198
4.663413
5.587729
4.716547
4.24017
4.242627
4.722527
4.580436
4.603761
4.862801
3.556805
3.938821
4.74878
4.966199
4.463129
4.368084
5.109893
5.295503
4.681349
4.918944
4.260998
4.380345
4.806174
4.687271
5.125502
4.715764
5.300686
4.491291
4.332579
4.826973
4.229134
5.094386
5.109831
4.888495
4.348386
4.077483
3.795826
4.803158
4.820239
4.918993
4.73885
4.057113
4.604967
4.809314
4.316207
4.991395
4.532113
4.771516
4.019325
4.483007
4.821173
4.453301
4.084198
4.442209
4.620109
4.907378
4.635957
5.150447
4.977103
5.578759
4.376616
5.254175
5.42009
4.61213
5.142866
4.805822
5.314036
5.556437
4.804102
5.456873
4.930585
4.025566
5.126701
5.378496
4.865358
3.874703
4.645205
4.076679
4.759082
4.499423
4.863535
3.98532
3.796205
4.005719
4.274247
3.716769
4.673226
4.484525
5.136229
4.906216
4.101855
5.013729
5.03594
4.559328
4.176688
4.152751
5.018948
4.210022
5.570374
5.099883
4.566987
4.465916
4.038851
4.943695
4.652781
4.921344
4.515107
4.304816
4.859823
4.220232
4.605208
5.559818
4.591421
4.874111
4.895013
5.423279
4.3199
4.366288
4.882628
4.722285
4.572241
5.666667
4.471377
4.098103
5.381434
4.737429
4.572312
4.720523
4.843193
4.19998
4.759248
5.187185
4.373747
5.479646
4.73187
5.325304
4.595896
5.164291
5.309553
4.863743
5.431208
4.822939
4.923263
4.951202
4.405168
4.13022
4.643008
4.272806
4.590451
4.349748
4.077527
4.798003
4.43797
4.313975
4.643731
4.175057
4.446897
5.028312
4.61138
4.399192
5.130952
4.884784
4.077709
4.398387
3.560964
4.686303
4.794034
4.948023
5.330974
4.83475
4.607536
4.924596
5.068779
4.731915
4.091255
4.578938
4.241246
4.680394
4.351724
4.842156
3.729131
4.745191
5.406695
4.70618
5.175624
4.562248
5.606525
4.890819
4.618482
4.987195
4.986146
4.258453
4.659198
5.341399
4.285917
4.949629
5.285755
4.954931
4.135138
4.453299
4.686812
5.247488
5.348525
4.570521
5.702449
4.606354
5.869241
5.793125
5.120412
4.594056
4.381787
4.930902
4.558789
4.912225
5.815312
4.801235
4.970358
4.615876
5.260385
4.151048
4.538889
4.703382
5.179299
4.709135
5.301074
4.708566
4.84285
5.272716
5.197077
4.695392
4.747832
5.506715
4.127291
4.429386
5.101236
4.99376
3.583443
4.2566
4.07843
4.604814
4.644434
5.066541
4.543907
4.383715
4.641147
4.650106
4.720174
4.679674
4.739445
4.865069
4.134927
5.196427
4.73435
4.211745
4.495299
4.758424
5.361995
4.486497
4.480294
4.632717
4.601232
5.847329
4.501845
4.535073
4.977981
3.984927
4.379704
4.830511
3.995395
4.107078
4.496593
4.90367
4.976957
4.764008
4.967308
3.8805
4.621386
4.352537
4.140356
4.588807
4.118281
4.621159
5.20197
4.8126
4.442863
4.897196
4.986674
4.174391
4.559258
4.286217
4.294613
4.907649
4.616824
4.911003
5.341261
4.629146
5.396608
4.699364
4.584294
4.348594
5.089185
4.631996
3.98081
4.578391
4.706803
4.726428
4.953073
5.059887
5.006689
4.117154
5.349383
4.078259
4.893074
4.812067
5.133317
4.237213
4.620078
4.626076
4.377306
4.28874
4.400043
4.667928
5.178549
4.195161
4.452386
4.621502
4.883931
5.404
4.838727
4.596072
3.541941
4.616789
4.347547
5.330112
4.140594
5.24218
4.477247
4.79973
5.065052
4.614448
4.797992
5.649704
5.08998
5.799544
4.848497
4.571857
4.78831
4.738353
4.907897
4.920956
5.267979
5.14973
4.574838
5.168654
5.207724
4.734302
5.307309
4.825488
4.912895
4.207756
5.097622
5.286085
5.470307
4.849747
5.167852
5.040868
4.749745
4.581521
4.575959
5.230137
4.894666
5.77718
4.348298
3.819177
5.079557
4.443946
4.894952
5.773252
5.624562
5.706438
5.286422
5.036638
4.950522
4.98086
4.631005
5.344873
4.737562
4.936164
4.556071
5.27662
4.973387
4.877093
5.826346
4.983681
5.850529
4.7518
5.169208
4.964841
4.459828
4.318582
5.00345
4.738217
4.300874
4.919183
4.581284
5.367002
5.086241
4.484866
4.740145
4.145971
4.268766
5.149891
4.345294
4.924569
5.093778
5.012921
4.103406
5.382766
5.218252
5.827415
5.227097
5.217407
5.020019
4.747071
4.919872
4.658404
5.075047
4.563326
4.444421
4.275931
4.508115
4.740408
5.602999
5.051038
4.478021
5.050029
4.929574
4.489294
4.142227
4.880992
4.096242
5.050043
4.695646
4.751622
5.128008
4.947498
4.180043
3.716111
4.223403
4.522468
4.226243
4.595375
4.617589
5.056521
4.451758
5.211719
4.637441
4.274705
4.708411
4.118679
4.489506
4.269085
4.693268
4.045953
3.973645
4.345689
4.731198
4.763665
4.796698
5.73051
4.896057
4.069856
4.186615
4.373667
4.839038
5.3411
4.2988
4.439423
4.522764
4.798033
5.046012
4.775597
5.289581
6.028381
4.730027
4.088313
4.528916
4.479556
4.284609
4.143657
4.254402
4.55639
5.066831
3.869294
4.471406
3.576378
4.555614
4.224285
3.419483
4.884883
5.003734
4.039808
4.19424
3.704316
4.355396
3.847632
4.338142
4.100161
5.266146
4.739334
4.445163
4.462234
5.716535
4.790471
4.424353
4.677357
5.112884
5.217314
4.600629
4.257195
5.089393
4.94793
4.279286
3.893198
4.299302
4.249781
4.497012
4.226666
4.719013
5.080012
5.057734
4.490074
4.827039
5.338435
5.126463
4.272788
4.757143
4.408779
4.613723
4.872695
5.652072
4.443524
5.05405
4.761652
5.402667
4.534066
4.315312
5.498073
4.734294
4.814491
4.746847
4.251966
4.253594
5.01786
4.445712
4.58616
4.619494
4.076102
5.187625
5.053971
4.319415
3.656326
4.982901
3.780265
5.335839
4.111669
4.458706
5.259759
4.368595
3.773161
4.705072
5.414408
5.101101
4.427924
4.568913
4.808781
4.591996
4.322106
4.752877
4.673409
4.574657
4.299888
4.414716
4.318543
5.102899
4.473834
4.009267
4.128786
4.498835
4.510714
4.218255
4.500543
4.155797
5.695667
3.804219
3.451835
4.703002
4.779415
4.696449
4.06084
4.589024
4.822207
4.692187
4.125378
5.071647
3.963871
4.631165
4.501531
4.347358
4.535187
4.44295
5.161356
5.027394
4.388765
5.217618
4.471637
4.652828
4.969769
4.506676
4.109661
3.967361
3.811941
4.468791
4.514141
4.755784
4.644348
3.988108
3.899072
5.166422
4.55346
4.646408
4.404721
4.656407
4.176066
4.616273
4.62832
4.854203
4.068341
4.261622
4.958654
4.363357
4.824663
4.13537
4.524298
4.825285
4.533288
5.298931
4.862348
4.828862
4.373281
4.242021
4.126487
4.857169
4.769964
4.865419
4.634894
4.832521
3.759787
4.720628
4.81598
4.611312
4.86714
4.961875
5.447086
4.410023
4.647184
4.489503
4.68803
4.623941
5.861145
4.644781
5.007697
4.542356
6.082028
4.738129
4.71502
5.532824
5.19422
4.90618
4.511353
4.768396
5.16462
4.732474
4.698417
4.889763
4.828344
5.603122
5.422552
4.650073
4.704692
5.287397
4.439925
5.960688
4.053169
4.259611
4.222543
4.281911
5.126951
5.566601
4.790286
5.487783
4.68316
5.280606
4.849927
4.956437
5.0335
4.381069
4.644605
4.582112
6.006671
4.945516
4.561665
5.24372
5.049594
5.166451
4.397254
4.473024
4.629968
3.554057
5.257742
4.768679
4.769164
4.953046
4.630467
4.538759
4.900365
4.477675
5.19049
5.403701
5.969496
4.88688
4.652526
5.018124
4.748385
4.886809
5.58807
5.126055
4.737114
4.503463
4.178726
3.680646
4.691442
4.780466
4.292439
4.732823
4.378499
4.462074
4.363927
5.471175
4.786371
4.890987
5.144663
5.176113
4.124248
4.431427
4.596341
4.567571
4.900589
4.774333
4.723139
4.136906
4.752196
4.671603
4.344605
3.809825
4.736012
4.314869
3.846795
4.069875
4.525457
5.059741
4.530141
4.43501
4.46456
4.048293
4.254358
4.608516
3.986657
3.964322
4.105693
3.980838
5.232916
4.713799
4.688187
4.66101
4.528696
4.950149
5.649562
4.424388
4.063816
4.470814
4.503695
5.029898
4.178795
4.425103
4.413529
4.12046
4.990993
4.571398
5.307906
4.553908
4.529704
4.899478
4.396853
4.649382
3.768961
4.900579
4.334199
5.023652
4.830625
4.417696
5.238818
5.176202
4.73155
4.100142
4.707317
4.802482
4.18301
4.235694
5.055042
4.663382
5.110634
3.896467
4.899177
4.705214
4.307573
4.887828
5.642011
4.745901
4.375253
4.309174
4.989962
4.834743
4.98364
5.676483
4.946923
4.729816
4.968597
4.839611
4.423177
3.969145
3.97587
4.750727
4.468889
4.217441
4.190181
4.315908
4.968668
5.20618
5.237961
5.102973
4.807833
4.200764
5.601418
4.564312
4.384455
5.00486
4.476174
5.007324
4.570907
4.789825
5.290846
4.376045
4.581227
4.626187
4.964916
4.650043
4.692791
4.176657
4.484973
5.168629
5.311569
4.459083
4.08348
4.843937
4.641728
4.261002
5.14016
4.662233
4.254122
4.232007
4.475476
5.102381
4.43023
5.726431
4.704762
4.616371
4.679212
4.718479
4.768148
4.854621
5.025503
5.498029
4.547402
4.288126
5.256261
5.230416
5.307376
5.874615
4.929603
4.28147
4.765018
4.315471
3.949938
4.26709
4.480397
4.864765
4.579699
4.884379
4.686406
5.40262
5.284547
4.437286
4.449383
4.434203
5.087347
4.659988
4.668402
4.374643
4.303237
4.27974
5.112649
4.364973
5.043709
4.639728
5.100893
4.130488
4.261876
4.545387
4.28424
4.839735
4.711027
4.955214
3.715126
4.757853
4.997518
4.378961
5.389785
4.711923
4.59931
4.365305
4.186484
5.269545
4.669603
4.489931
5.258163
4.330052
4.10531
4.650496
4.572022
5.087521
4.598684
4.660313
4.720972
4.435074
4.060902
4.895754
4.713892
4.718951
5.198489
4.733469
5.448229
4.863715
4.960854
4.00739
4.03054
5.559201
4.232952
5.260137
4.255206
5.290917
4.603943
4.770409
4.52721
4.61706
4.375025
4.257424
4.384964
4.400713
5.684154
4.135578
4.183745
3.900858
4.211778
4.952501
4.795013
4.773457
4.874689
5.060804
4.182288
4.469182
5.450324
4.091864
4.595774
4.603846
5.154844
4.825033
4.698596
4.887423
4.591408
5.118099
4.467129
4.698081
4.819872
4.796104
4.161618
4.649348
4.083062
4.36542
3.607496
4.439844
4.837702
4.119888
4.567604
4.716457
5.466096
4.69865
4.503938
4.020225
4.354104
4.508533
4.554219
4.654856
4.944324
3.711409
4.409022
3.9667
4.622668
5.34486
3.830596
4.87269
3.976885
4.602794
4.111909
5.191444
4.503373
4.58739
4.232759
4.51053
4.112712
3.861405
5.015397
4.673639
5.087155
5.311662
4.961377
5.202901
5.085158
5.563568
5.166628
5.670132
5.212826
4.893971
5.333581
4.714189
5.103642
4.769574
4.648641
4.381127
4.603256
4.674305
5.432725
4.995081
4.646416
4.612295
4.842804
4.783365
4.615678
4.416642
4.530385
4.440662
5.239345
4.420751
4.744083
5.345908
4.812809
5.550717
4.787095
4.723601
4.555034
4.950642
4.881704
4.503915
4.585604
4.680341
5.029663
4.105707
5.233138
5.87202
4.47393
4.927665
4.375182
4.554346
5.306432
4.250156
4.709939
4.642788
4.884715
4.013754
4.414064
4.541363
4.818071
5.589021
4.707898
4.79651
4.923835
5.039832
4.965531
4.995696
4.814723
5.197351
5.168156
5.583163
4.756844
4.737303
4.926558
5.436322
4.556266
4.442172
5.036812
5.144205
4.901792
4.608669
5.004754
4.711727
5.583942
4.954221
4.775943
5.465742
6.17871
4.819592
4.539868
4.500509
4.783465
6.040282
5.414635
5.709676
5.137874
4.625195
4.483941
5.693666
5.505738
4.704713
4.927942
4.423308
4.297807
5.322474
4.651397
4.078181
3.925647
4.526835
4.848956
4.032057
4.918194
5.172321
4.212066
4.086097
4.723214
4.06387
3.919331
5.052676
4.892595
4.818222
4.626689
5.916506
5.037702
5.109354
4.823401
5.083153
5.091466
4.21145
5.38441
4.161153
3.918337
5.13023
4.160192
4.599753
4.476611
5.036887
4.482752
4.781323
4.406253
5.28758
5.233425
4.482333
4.73085
4.874721
4.817754
5.230366
5.166576
5.003006
5.416639
5.906442
4.921025
4.653737
4.789508
3.978185
4.243529
4.301037
4.313595
3.778495
5.588351
4.767435
5.149721
4.333894
4.324569
4.166985
4.373774
4.657763
4.973693
4.947652
4.80376
4.668102
4.6967
3.709872
4.307461
5.113429
4.617825
4.64965
4.87462
3.733834
4.696397
4.102773
4.642757
4.080183
5.435187
5.554206
4.480118
5.023766
5.34452
4.998961
5.117734
5.708965
4.689155
5.587333
6.364906
5.82928
4.799039
5.223475
5.508033
5.474283
4.9889
5.193614
5.011904
5.070525
4.658431
5.637579
5.843116
5.063835
5.431039
5.597434
4.837194
4.752984
4.418782
4.487343
4.111163
4.688854
4.660124
4.707414
4.955513
5.027854
4.88067
5.230197
5.290064
5.422347
4.516721
6.255864
4.907325
4.520354
5.565113
4.997173
5.049129
4.915125
5.096032
4.572955
5.090049
4.917956
4.873153
4.431987
4.992109
4.675494
4.282054
5.311073
3.95423
4.172006
4.66389
4.580263
3.680372
4.113635
4.82598
4.803802
4.53418
4.992613
3.892218
4.332406
4.079378
4.147807
4.449739
4.258902
4.366308
4.360389
4.588776
5.149649
4.920787
5.076034
4.809262
4.704773
4.821652
4.545623
5.238359
5.140442
5.619767
4.786218
4.590604
4.459154
4.548828
5.107057
4.760656
4.113359
4.588128
4.656567
4.202519
4.425214
4.552467
4.9987
4.903769
4.290491
4.945942
5.441635
4.395219
4.876589
5.488954
4.787446
4.118025
5.212113
4.120467
4.282751
4.35107
4.590876
4.682246
4.304035
4.214778
5.186221
4.084332
4.513694
4.908603
5.021676
4.371324
4.485703
5.669869
4.767891
5.231891
4.942119
5.005575
5.13901
4.83494
4.385892
4.606662
4.956255
6.051956
4.667783
4.583399
5.826023
4.981918
4.962352
4.907044
5.255704
4.520475
4.502888
4.063046
4.678705
4.808381
5.34057
4.272996
4.42831
6.11166
5.418478
5.479718
5.309507
5.833339
5.278907
5.091704
4.952382
4.980376
5.389352
4.309764
4.799556
5.203609
5.583716
4.350644
5.027142
5.133559
4.137958
5.107054
4.560013
4.394628
4.349997
4.877031
5.30116
4.66055
4.886688
4.764955
4.683302
5.266995
5.21713
4.849282
5.282454
5.206912
5.375258
4.230391
4.729672
4.324398
4.82003
5.033384
5.526217
4.421062
4.463198
4.2663
4.313452
4.622895
4.463729
4.74492
4.120381
4.074082
4.179263
4.29622
4.390568
4.863188
3.956747
4.703183
4.14467
4.158779
4.524936
4.560193
4.392494
4.892842
4.866441
4.369382
4.852746
4.969876
4.906305
4.316726
4.655387
4.678478
4.845506
5.36827
4.849202
4.337925
5.220429
5.001281
5.335891
5.966541
4.012205
4.764138
5.135599
4.742554
5.053539
5.429653
4.789976
4.882687
4.646533
5.615764
4.990004
4.977631
5.521664
4.257304
5.081496
5.036232
4.816935
4.254492
4.881368
4.532932
4.295859
3.776273
4.338739
4.321898
4.558266
5.172547
4.392625
4.594936
4.551893
4.192936
4.675269
4.48579
5.007873
3.908219
3.960579
4.64584
4.423043
4.213891
4.915707
4.862707
4.574132
4.302681
4.725381
6.016925
5.090895
5.8612
4.738517
4.211294
4.855129
4.875405
3.736413
5.117769
5.019041
4.295931
3.912395
4.21381
3.863011
4.612078
4.831418
4.937399
5.124268
4.596731
4.649646
4.28792
4.546028
5.210609
4.934907
3.743139
3.726635
5.049334
4.094079
5.180553
4.624899
4.373628
4.309689
5.377379
4.882783
4.255027
4.345563
4.795155
4.899078
4.441897
4.150245
4.873772
4.875566
4.395971
4.012533
4.855633
4.208076
4.932605
5.008713
4.898175
4.951235
4.68531
5.008779
4.910229
3.912288
4.915448
4.746367
5.49968
5.347738
5.156534
4.908939
5.264487
4.796251
4.664567
5.845169
5.031789
4.636715
5.616318
4.759899
3.821851
4.796795
5.289456
4.630827
4.039223
4.501312
5.75079
5.457055
4.641387
5.227631
4.80538
5.863466
5.053285
4.946993
5.767126
5.035922
4.550483
5.175106
5.887209
4.747536
4.953077
4.663695
4.579104
5.110359
4.825727
5.020843
4.562501
5.613503
4.271744
5.850142
5.506809
5.255501
5.205108
4.562777
4.264513
5.153008
4.340411
5.83341
5.453826
4.918459
5.492657
4.418749
4.064741
5.250383
4.874784
5.41431
5.383056
5.573165
5.131388
4.156863
4.36846
4.811128
4.282689
4.541081
4.895071
4.54551
5.281246
4.407746
4.236229
4.750839
4.612811
4.016602
5.339806
5.55935
5.732102
5.041776
5.622163
5.388997
4.56465
4.336248
5.117176
5.190392
5.165962
4.671233
5.112157
4.93023
4.357591
5.019409
5.420331
5.415911
4.900698
5.051409
5.407555
5.518286
4.844701
4.416292
4.905917
4.682431
5.275982
5.039383
4.693175
5.303371
4.511311
4.477956
4.805588
4.374436
4.88661
4.583956
4.363386
5.16673
4.51461
5.015407
4.924806
4.791911
4.897048
4.505114
4.812737
5.06221
4.787384
4.194868
4.867196
4.427764
5.059323
5.557232
5.173232
4.807103
4.314559
5.561119
4.626002
4.739453
5.053117
4.673603
5.072745
4.842986
4.979997
4.477591
4.977599
4.145252
4.665826
4.916955
5.071469
5.104196
5.169494
4.831649
5.349061
5.029432
5.698702
4.700412
4.753466
5.022611
5.249899
5.833312
5.355778
5.851121
5.660225
5.790186
4.974478
5.048673
5.09166
5.346337
4.690954
4.718528
5.639496
5.334169
5.443268
5.535229
5.072291
4.691432
4.989636
4.109621
4.478332
5.640459
4.505842
4.460489
3.855263
4.479673
4.614179
4.796237
5.551069
4.847796
5.158665
5.131172
5.312231
5.156153
5.07036
5.688343
4.885439
5.139005
4.917292
4.556038
5.566489
5.363897
5.346009
5.003484
4.840185
4.557185
5.116504
5.202612
5.223083
4.867164
4.876553
4.559209
4.335249
5.064042
4.856606
4.937137
5.30133
5.126403
4.900207
5.358153
4.434326
5.077703
5.860895
4.928374
4.773578
5.195591
4.686233
4.684382
4.851425
5.318581
5.721334
5.283069
4.415404
4.882092
4.450662
4.662675
5.087267
4.713179
4.738034
4.954152
4.967758
4.750121
5.023937
4.859874
5.405461
4.83679
5.331395
5.081174
4.418823
5.153494
4.153161
4.574277
4.396378
5.310626
4.776557
4.428454
4.75192
4.899477
4.16247
4.533977
4.771262
5.021883
4.000499
4.624962
4.504462
4.585131
4.352952
4.969675
4.371501
4.940351
4.703944
4.85592
4.971883
4.127299
4.899753
4.932648
4.763232
5.088847
4.724493
4.620337
4.106166
3.707269
5.164513
5.401989
4.017849
4.27455
4.583404
5.025228
4.253433
4.445263
5.093325
4.438756
4.54708
4.158402
4.673752
4.907446
4.17484
4.003669
4.38967
4.341017
4.861855
4.798734
4.445126
3.979498
4.32514
4.401983
4.758182
4.382111
4.602425
5.251959
3.746244
5.013461
4.17601
5.059507
5.275003
5.127383
4.933818
4.433255
4.573523
4.756774
4.442974
4.442801
4.608565
4.856892
4.877488
4.899397
4.108907
4.258727
4.743429
4.458859
4.011236
4.398363
4.424134
3.704863
4.528059
3.813742
4.223158
4.83222
4.139329
5.172201
4.58146
5.20283
5.011754
4.862902
5.489455
5.610257
5.346153
4.453095
4.874222
4.965647
4.63935
4.681207
5.317512
4.863972
5.095515
5.434703
5.918368
4.688892
5.2566
5.449234
5.330452
4.253523
5.075603
5.774148
4.7217
5.338847
5.205334
5.072632
5.455708
5.185916
4.400318
4.891757
4.277257
4.768802
4.77917
5.053968
4.643172
5.900486
5.55915
5.239619
4.979859
4.979194
6.114977
5.623053
5.757685
4.847499
5.190809
4.599804
5.324154
4.576702
4.469803
5.102559
5.27005
5.817224
4.999796
5.167817
4.348108
5.155191
4.842028
5.697075
4.574968
4.580085
4.877069
4.253298
4.886997
4.726743
5.478564
5.125315
5.067402
4.455427
4.346715
4.565106
4.120198
4.492969
4.079839
4.824237
5.306699
4.365081
5.113482
5.120203
5.275841
4.471391
4.717355
4.842711
5.895498
5.435502
4.916503
4.688643
5.31423
5.556431
5.326768
5.919327
5.55813
5.789081
5.01619
4.899479
5.451947
5.644123
5.102536
5.458856
6.398269
5.887653
5.009644
5.772544
4.807657
4.73973
4.915417
4.830568
5.131858
5.324392
6.117378
4.306926
4.609744
5.491564
4.999578
4.894728
5.28769
5.46103
5.137364
5.533573
5.078384
4.680961
4.570685
4.718765
4.814244
5.172485
5.795088
4.845986
5.092276
4.695414
5.405896
5.023786
4.557041
4.787841
5.088054
4.710226
4.912807
4.590166
4.480909
5.213594
4.354579
5.512603
4.737509
5.209979
6.087967
5.346515
4.78279
4.627675
5.228978
4.908746
4.979765
4.868169
5.379601
4.598373
4.830761
5.533734
4.873136
5.659025
5.571327
5.106752
4.862786
5.236219
5.348611
4.661777
5.409226
5.362097
4.641224
4.583453
5.36035
4.727697
5.605547
4.700102
5.18395
4.822547
5.595506
4.978431
5.092207
4.241961
4.339241
4.043693
4.732356
4.401705
4.92986
4.817616
5.420576
4.917539
5.137949
4.330042
4.332476
4.82035
4.729625
5.565142
5.06476
5.027394
5.018651
4.713285
4.526806
4.673969
4.552552
4.835308
5.099374
5.067267
5.318872
4.697186
5.233193
6.132611
5.088941
5.607924
6.040557
5.079804
4.599858
4.578176
4.713148
5.545714
4.598741
4.504238
4.975163
4.756713
5.00321
4.983241
4.7496
4.09742
4.323875
4.852922
5.338779
5.185825
4.876866
4.422774
4.134519
4.310814
5.247976
5.477761
5.503234
4.555871
5.237235
4.945173
4.24607
4.398348
4.189132
4.290784
5.8071
5.099312
4.969657
6.033783
5.099534
4.866664
3.78166
4.139047
4.910621
4.711717
4.111789
5.044387
4.606637
5.399797
4.429293
3.790812
5.349015
4.407477
5.390181
5.049417
4.758165
4.893853
4.525399
4.550244
5.275315
5.048663
5.647036
4.464991
4.705356
5.084648
5.094533
5.629397
5.463305
5.514508
4.46491
4.554831
4.349455
4.867178
4.925577
5.119265
5.368277
4.569943
5.111821
4.846265
4.283236
4.765169
4.015255
5.417719
4.820702
4.416001
4.432129
4.446728
4.359899
3.975308
4.689895
5.319348
5.182998
4.399867
5.166011
4.984559
4.979859
4.4098
5.220596
4.340106
3.984374
4.918443
5.058945
4.600725
5.455739
5.245097
4.45975
4.567202
3.992168
4.629974
4.717716
5.214795
5.481414
4.534028
4.769278
5.844095
5.562019
4.20371
5.120496
4.303964
5.275687
4.77251
4.956818
5.448312
5.405402
5.267953
5.06957
4.476666
5.757329
6.421903
4.576746
4.757655
5.943193
5.104797
4.894959
4.883265
5.017286
4.624446
5.336234
4.781401
4.819991
5.362958
5.28566
5.370756
5.047018
5.518064
4.583649
4.804477
4.989799
4.633591
4.71861
4.961025
5.012139
5.179537
4.388077
4.836581
4.374535
3.791065
4.258179
5.046836
4.885949
5.15252
5.244868
4.731065
4.869658
4.903019
4.339587
4.924931
4.328428
4.817813
4.809308
5.180248
4.60767
4.927306
4.899009
5.354292
4.233639
4.574023
4.666795
4.560175
4.176691
3.913959
4.131121
4.636806
4.318814
4.567851
3.967129
4.678183
5.35707
4.806526
4.86467
4.910311
4.421971
5.000905
5.025625
5.490915
4.275161
4.656693
4.861917
4.944793
4.821949
4.207784
4.592838
3.881558
4.357308
5.094394
4.729159
5.284107
5.870232
6.211567
4.848652
4.706316
4.798848
3.77172
3.978693
4.479052
4.703864
4.688042
4.757506
5.40723
4.42186
4.908117
4.235813
4.947281
5.523736
5.123224
4.326508
5.026242
4.509264
3.941357
4.860517
4.77024
3.932341
4.159318
5.443549
4.496386
4.515273
3.807288
4.847414
4.201522
3.78851
4.642833
4.36617
4.487129
4.629095
4.188678
4.614855
4.922541
4.836173
5.089715
5.24372
5.12221
4.724975
4.075747
4.101102
5.406714
4.5159
4.091355
5.605339
4.911713
4.414845
4.700536
4.137043
3.985663
4.235817
4.52438
4.720765
4.779589
4.659121
5.144925
5.058945
5.384524
3.996182
4.608607
4.565862
4.662245
5.231399
4.821771
4.704795
5.126861
5.331493
5.354421
5.312325
5.115127
5.121015
5.150003
4.985892
4.69054
5.06184
3.533132
4.904463
4.881499
4.380581
4.295674
4.450805
4.12684
4.769225
4.426151
5.778425
4.906428
4.306282
4.336728
5.22096
4.323623
6.010792
5.481304
4.446043
4.974153
4.227665
4.683555
4.082051
4.42161
5.024332
4.521266
4.43536
4.577895
4.183586
3.902682
4.68731
4.913903
4.293127
5.222875
4.577009
5.180611
4.812527
5.886269
4.940456
3.740055
5.088311
4.412005
5.226352
4.833993
4.619017
5.592402
4.334854
4.707825
5.570414
4.680715
5.057339
4.44377
5.627485
4.58478
4.825222
5.017162
4.810047
4.71658
5.353967
3.710086
4.487794
4.242644
5.008809
3.806519
4.846607
5.642355
4.748404
3.852997
4.728505
4.333229
5.218227
5.033826
4.301776
5.479422
5.423348
3.74748
5.224879
4.456608
4.529458
3.799799
4.618587
4.563281
5.440041
4.378237
5.161005
4.989009
4.850228
4.902364
4.112245
4.649243
4.740883
3.877969
5.178559
5.655163
5.107101
4.355057
4.667198
4.918506
4.822993
4.917958
4.984008
5.9398
4.770055
4.739057
5.401448
6.014303
4.696041
4.98332
4.28477
4.227639
4.424064
4.585041
5.435021
4.420067
5.306958
5.517484
5.133105
5.646694
4.573734
5.25553
5.092769
4.782143
4.233481
4.263515
4.751129
4.606709
3.816353
4.429673
3.935088
4.225154
4.227455
4.510869
4.712992
4.744939
4.529726
4.903971
5.271695
4.855473
5.114923
5.310392
5.217578
4.606003
4.015414
4.535345
5.278905
5.064997
3.669409
5.418028
4.600257
3.950424
4.183402
4.824138
4.660798
5.776208
4.501657
6.124006
4.851244
4.895666
4.995546
4.368685
5.437846
4.701961
5.256568
5.620635
5.069002
4.470045
4.248924
4.848609
3.886471
5.134873
4.449503
4.314482
5.116573
4.742561
4.600351
4.987648
4.567402
3.883091
4.631043
5.116796
4.474691
4.801806
4.936867
4.824693
4.277053
4.266283
4.586802
5.00298
5.233419
4.517267
4.673309
4.496941
4.866614
4.330532
4.397631
5.272606
3.697242
4.30633
4.638148
4.7666
4.178451
4.282967
4.101114
5.517382
4.820685
4.494155
4.930787
5.018354
4.043336
4.125274
4.066153
5.223654
5.057044
3.816766
3.862308
4.593674
4.999355
3.482274
4.558962
4.402733
4.538317
4.911338
4.11523
3.738226
4.572882
4.82447
3.77936
4.64875
4.791482
5.296336
4.787459
4.300063
4.433228
4.079601
4.405185
4.830666
4.212101
5.01263
4.56005
4.147744
5.306183
5.242591
4.766865
5.247947
5.002086
5.094079
5.360741
5.210137
4.571322
5.356338
4.501609
4.793981
4.85447
4.8454
5.47495
4.581518
5.380502
4.813553
4.54275
4.401988
4.779384
6.416026
5.564697
5.101464
4.073635
5.343555
4.902739
4.442051
4.633977
4.838945
4.876318
4.499778
5.100394
4.101745
4.489506
4.436238
4.4688
4.27567
5.015743
4.420918
5.396396
4.811191
3.816502
4.639361
4.254872
4.462037
4.744146
4.339378
4.521903
4.502182
4.209548
4.516507
4.243893
5.495424
5.274091
5.075342
4.565821
4.21064
4.91024
4.551397
5.23765
5.329562
4.908767
4.992417
5.110393
5.111673
4.065495
4.519822
4.050166
4.463717
4.78767
4.944927
4.564761
5.275439
5.627807
4.64508
4.624101
6.296229
4.763368
4.623274
4.303607
5.120495
4.447013
5.117394
5.501135
4.558225
5.387378
4.469291
4.910274
3.881691
4.744191
5.005492
4.369615
5.23949
4.689692
4.716892
5.10941
4.826597
4.756854
4.329191
4.830542
4.822232
4.786133
5.710357
5.143651
5.109086
4.984484
5.701395
4.692268
4.292537
5.108816
5.060608
4.832788
4.519144
5.294276
4.925307
5.603951
4.229772
4.91022
4.577119
4.659465
4.871645
4.999583
4.897696
4.322694
4.413859
5.424472
4.714911
4.283769
4.362884
4.886774
5.404438
4.478338
5.052956
5.392932
4.611938
4.636536
5.352765
4.495917
5.050425
4.66985
4.929648
4.880756
4.76105
4.319433
4.480517
5.412247
5.703008
4.961648
4.877951
4.698805
4.857435
4.749019
5.725784
4.806537
5.452763
4.466789
4.130727
5.055068
4.863649
5.168614
4.233306
4.827755
5.359082
4.665031
4.781238
5.487015
4.842605
4.654789
5.172289
4.051522
5.037638
4.241463
4.587359
4.151098
4.431993
4.847906
5.104455
4.513163
4.125869
4.562979
4.569366
4.030233
5.106381
4.499225
5.107109
6.240535
4.976072
4.529874
5.400035
4.967083
4.543355
5.378255
4.720805
5.551239
5.834528
5.484665
4.87087
4.924333
5.661398
4.435175
4.840094
4.498065
4.999074
5.136294
4.417981
4.68269
5.023675
5.735453
5.368372
5.556478
5.387171
4.461568
4.980584
4.497805
4.613982
5.677032
4.40784
4.052405
3.85853
4.332026
4.478322
5.751614
5.647808
4.246237
3.902617
4.918251
4.196439
5.014422
4.830449
5.664456
5.835496
4.334469
4.959289
5.404499
4.676844
4.230417
5.053701
4.644223
5.996481
4.526172
4.196491
5.082794
4.422941
5.394627
5.131852
4.653381
5.316051
5.41588
5.165169
4.837431
5.356055
4.973856
5.695575
4.803432
4.934698
4.255339
4.560204
4.227996
5.086838
4.670057
5.106427
5.091777
5.433404
4.771042
4.925909
5.056361
4.443714
4.630752
5.121091
5.120443
5.308256
4.943187
4.458647
4.481923
5.018297
4.880251
5.176006
6.088935
4.939832
5.46435
5.093997
5.017282
4.908578
4.641659
4.349405
4.315421
5.043444
4.956709
4.40032
4.628223
5.201178
5.073781
5.265007
4.251725
4.475927
4.921479
4.729905
4.877441
4.989043
4.622923
4.880339
4.844119
5.161472
4.98194
4.508266
4.818525
4.719199
5.067815
4.59915
5.183566
5.297362
4.491792
5.393132
4.444836
3.974923
4.351415
4.411974
3.914678
4.036062
4.169647
4.172511
4.586527
5.378046
3.872474
4.940994
4.677452
4.383713
4.607707
4.581818
4.960971
4.752083
4.97863
4.726885
4.90539
5.156068
4.544347
5.094873
4.784234
4.617312
4.737253
4.626542
4.579153
4.700988
4.789735
4.837557
4.581193
4.465999
5.066989
4.642321
4.825603
5.085228
5.276266
4.620394
5.267068
4.335662
4.502483
5.464932
4.837273
4.723118
5.598834
5.621655
4.478614
5.268556
4.77886
4.985505
5.018353
4.500745
5.069302
4.41944
5.361796
3.845186
4.257379
4.422455
5.333324
4.450494
4.482671
4.754836
4.904883
4.532281
4.946567
5.220293
4.849356
4.926719
5.597831
4.709809
4.594087
4.792859
4.604548
4.19192
4.692527
4.39436
4.847145
5.766242
4.564426
4.469636
5.015147
5.026158
4.667707
5.472249
5.427734
5.511177
5.197304
5.525991
4.449755
4.717095
4.211883
4.788124
5.05757
4.755907
4.857699
5.380288
4.295573
4.112814
5.031998
4.613509
5.529116
6.102553
4.27497
5.209624
5.447172
4.728135
5.336948
4.051134
4.555466
4.712368
5.43267
5.055369
4.781739
4.93422
5.583493
4.850715
4.084785
4.60699
5.981606
4.526412
4.063051
5.107124
4.632213
5.22691
4.845494
4.750229
5.547967
4.796811
4.77191
4.632263
4.159553
4.501882
4.033326
5.224453
4.53076
4.117779
4.004609
3.85728
4.400208
4.350855
4.544811
5.217392
4.327846
4.110238
4.819832
4.518066
5.499218
4.450434
5.045075
5.054803
4.900827
5.603519
4.899392
4.107272
5.318883
5.273932
4.703115
4.782081
4.832557
4.535448
6.128016
4.393585
4.690982
4.554857
4.168776
4.84068
4.706358
5.789164
4.512854
4.155784
3.86158
4.258873
4.93798
3.942473
4.087375
5.033327
4.513435
5.020038
4.8658
4.89977
5.171382
4.441238
4.651032
4.13882
4.747809
4.468197
4.749545
4.306009
4.418586
5.655282
3.934702
4.724884
4.5218
5.134735
4.435803
5.584841
5.392032
4.778859
4.637709
4.785908
4.621323
4.732121
5.767364
4.635046
5.292081
4.586517
4.785317
5.281579
4.651393
4.669911
4.941906
4.579058
4.863779
5.012192
4.552011
4.997516
4.752196
3.843434
5.125369
4.400612
4.294174
4.824941
4.290807
5.06814
5.304315
5.221545
4.09786
4.897387
4.141755
6.181162
4.40536
5.037862
4.645003
4.442329
5.170906
5.369841
4.925568
5.124608
4.549475
4.435668
5.042454
5.154283
5.123522
5.21847
5.282004
4.987338
4.651879
5.43906
4.622975
4.992156
5.569096
4.101001
4.296208
4.481455
5.330284
4.495493
4.629653
4.488686
4.489437
4.605295
5.872279
5.051458
5.577548
5.391011
5.874679
5.294629
4.340715
5.225691
4.802929
4.318029
4.692906
5.14122
5.115601
5.249845
4.870413
5.392356
4.765648
4.84786
5.580809
4.897238
5.061023
5.319824
5.224256
4.852238
4.137191
4.007558
4.397874
4.986508
4.760011
4.747868
4.973496
5.829126
4.886744
4.641361
5.189123
4.595554
4.943986
4.562074
5.143222
4.633316
4.667706
3.963324
4.253288
4.21249
4.784459
4.163584
5.343542
5.434503
4.557549
5.550746
5.654642
4.89731
4.454406
5.105261
4.584993
4.618111
5.51751
5.26294
4.58992
4.706967
4.499188
3.835453
4.628468
4.621951
4.933181
3.936758
4.686136
4.762272
4.742377
4.272131
4.387194
4.297427
4.700376
4.178937
4.675819
5.311983
4.866289
4.732447
4.137527
3.53337
4.738318
4.519369
4.344439
5.367976
4.780297
4.423888
3.77106
4.548544
4.452043
5.009481
4.618444
5.653556
4.979346
4.858252
4.479096
4.293987
5.317767
4.177754
5.247509
5.26109
4.816833
4.788065
4.433354
4.203252
4.267418
4.15861
4.7028
4.935288
4.985597
4.463508
4.495908
4.678624
4.362273
5.574132
4.560163
4.611654
5.180281
4.689819
4.492118
3.952911
3.509096
4.080582
5.175694
3.845176
4.225135
3.684041
4.588047
5.324911
5.603988
5.22368
4.439291
4.95052
4.292252
5.137894
4.505434
4.537674
5.31939
4.77274
4.721425
4.658294
4.907018
5.340927
4.40564
4.120788
5.67405
4.802252
4.841273
4.938848
4.817106
5.728742
5.115592
4.881549
4.557509
4.835612
5.148609
5.242134
4.624337
4.847998
5.294212
5.045904
5.086584
5.380012
5.024599
4.846438
4.60842
4.632844
4.943561
3.907633
4.227148
4.847904
3.892359
3.809684
4.966909
4.241591
5.148164
4.630956
5.027864
4.38892
4.564232
4.414592
3.953034
4.42013
4.345945
5.8032
4.793712
5.188887
4.881223
4.803911
5.406278
4.47308
4.322148
4.064959
4.509579
4.724241
5.058967
4.987289
5.475068
5.635727
4.402597
4.380032
4.615436
4.679982
5.62512
4.323283
4.831736
4.838308
4.343718
4.632435
5.286463
4.708794
4.128956
4.652478
5.456859
4.997719
4.372912
4.42604
4.570468
5.161439
4.608257
5.278345
5.268369
5.295416
4.52127
5.48235
4.811985
4.61544
4.355895
4.82027
4.955984
4.061435
4.239473
3.828697
4.443963
4.034394
4.647281
4.28284
4.79502
4.199706
4.43342
5.634932
4.848799
4.188477
5.040418
4.906995
5.399768
3.713249
4.172091
4.796882
4.7234
4.577337
5.023201
4.705174
4.206052
5.335973
5.342199
4.559705
4.503308
4.932391
4.619525
4.061088
5.538899
5.314262
3.882844
4.429773
4.740105
4.617217
4.19288
3.992637
5.506206
5.034003
3.773879
4.22613
4.365225
4.905375
5.129212
4.80764
4.53369
4.406573
4.20923
4.691596
5.803694
5.233294
4.569091
5.081167
4.642417
5.449612
5.077983
4.150276
4.381729
4.327281
4.48628
4.922689
4.932883
4.865838
4.964439
4.465716
4.961168
5.040821
4.379012
5.224658
5.070955
4.953518
5.142025
4.33602
4.768035
4.536507
4.474468
4.846121
4.449198
4.588118
4.38968
4.149312
5.529755
5.22706
4.490846
4.279613
4.241812
5.877414
3.960393
4.558433
3.682954
4.689786
5.374945
4.106607
4.530596
4.729003
3.98933
4.636054
4.141318
4.812839
4.578251
4.772387
5.061509
4.134151
4.829483
4.355873
4.435652
5.366809
5.064721
3.977077
4.535393
5.087336
4.316707
4.338908
5.002202
5.183483
5.460772
4.195927
4.320315
4.55987
4.465021
4.671908
4.080157
4.52116
5.595332
4.988048
5.206718
4.593057
4.472882
4.429172
4.578012
4.756936
4.712885
4.736424
4.510488
5.136838
4.500312
4.134923
4.530848
4.784004
4.299801
5.006082
4.764105
3.851782
4.398521
4.182027
4.1792
4.272294
5.104889
4.595649
4.758004
4.949655
4.70433
3.864909
5.247167
5.978418
4.564276
4.37239
4.722214
4.163509
5.305304
4.753877
5.018295
5.115529
4.272142
4.495041
4.405461
4.63373
4.439164
4.719696
4.878573
4.884088
5.397374
5.857612
4.418883
4.986596
4.423727
4.814022
4.564086
4.162465
4.561688
3.932997
4.105178
4.726106
4.631374
3.965
4.059495
4.130079
4.83719
5.009711
4.399244
4.439727
4.54396
4.777017
4.918155
4.19988
4.765952
4.449694
4.401298
4.887665
4.153581
4.421946
4.053593
4.177147
5.17584
4.284659
4.262891
5.503429
4.141932
4.69794
5.024579
4.52731
4.844743
4.666721
5.131887
5.265777
4.753393
5.215179
4.608665
4.705144
4.929326
5.616109
4.675723
4.817889
4.757656
4.796803
4.829645
4.944339
5.352669
5.014168
5.809491
5.394278
4.435632
4.966315
4.460825
4.618823
4.897859
4.860589
4.216572
4.84153
5.716859
4.263503
5.13549
4.029798
5.03479
4.813689
4.449776
4.941447
5.027684
4.695116
5.189222
4.891178
4.041645
4.465619
4.798741
4.465113
5.106056
4.156088
5.082159
4.427733
4.395109
4.683734
3.895836
4.413885
4.866426
4.470216
3.484984
3.819572
4.652808
4.348971
5.327531
5.075719
4.737776
4.375193
4.404679
5.011228
5.213463
5.015502
5.087317
4.723424
5.516324
5.169955
4.651608
5.499536
4.071329
4.940744
4.251741
4.339889
3.953664
4.80402
4.927362
4.775318
4.735465
4.795629
5.035376
4.384817
4.618353
4.185637
4.269776
3.861705
4.218649
4.314585
4.93079
4.497617
5.315317
4.369006
4.902253
4.413895
5.037029
5.208074
4.388884
4.602003
5.053072
4.881092
4.672121
5.692221
6.138983
4.86371
5.01421
5.414873
4.568173
4.770683
4.778929
4.306764
5.749902
4.431621
4.697771
3.812368
4.642658
4.262576
4.49962
4.764012
4.067491
4.847152
4.513443
4.793061
4.520383
4.839991
4.700671
4.5548
4.850598
4.465002
4.615486
4.632859
3.683925
4.085281
4.786703
4.270152
5.43257
4.948342
4.892069
3.625838
4.482274
4.616783
4.666976
4.109201
4.335984
4.552076
4.823048
4.338944
4.476959
4.147534
5.332192
4.105959
4.587415
4.369072
3.750116
4.671989
3.962957
4.81116
3.449084
5.311191
4.702953
3.820246
3.793013
4.124459
4.644697
4.660491
4.708378
4.909042
3.942397
4.161056
5.005129
4.760592
4.636529
4.843595
4.803612
5.117631
5.051427
5.226441
4.270681
4.383106
5.077887
4.2825
5.452834
4.790542
4.69064
4.279118
4.953698
5.112914
5.034488
4.339086
5.23183
4.699778
4.827874
5.140679
5.339821
4.307875
4.441743
4.800435
4.170317
4.532112
4.941707
5.577855
4.574216
5.312328
4.741527
4.329714
4.402242
4.627466
5.378093
4.442284
4.040599
4.481353
4.022529
4.739728
4.451013
4.456514
4.537613
4.07366
3.246476
4.444116
4.204135
5.380909
4.994409
4.50096
4.174136
4.908111
4.440113
5.478441
5.190751
4.078932
4.613643
4.499564
5.482151
4.608521
4.439863
4.953073
4.309963
5.618646
5.01515
4.975032
5.441932
4.672687
4.942725
5.018355
4.818266
5.376481
5.198026
4.780812
4.547703
4.189503
4.752688
4.850573
5.052806
4.508263
4.594547
5.336121
5.632393
4.577366
4.075278
4.962316
4.899291
5.514083
4.501126
5.440119
4.594902
4.712945
5.013361
5.14435
4.584113
5.317413
5.009821
5.127793
5.10416
5.207165
4.575775
5.488188
5.049888
4.906509
5.66127
4.730956
4.217764
4.862137
5.07441
4.687825
5.238988
5.506116
4.915143
4.193215
4.863728
4.561901
4.852549
4.690174
5.306244
4.886168
4.654471
4.678228
5.000737
4.443436
4.355559
4.809938
5.176726
4.672768
4.401924
4.964612
5.024795
5.306449
4.411529
4.625067
4.539105
5.377576
4.498916
4.663129
4.960102
5.016689
4.904098
4.401925
5.342326
5.244611
4.563271
4.932414
5.453503
4.403635
4.959851
4.362869
4.799232
4.822667
4.427703
5.042877
4.633713
4.871337
4.764978
5.438606
4.835252
4.934263
4.5613
4.9328
4.290666
5.018993
4.059735
3.604026
3.715255
4.786877
4.220713
3.830317
4.659815
4.344167
4.446669
5.223395
5.1362
5.577865
4.415227
5.922968
4.889995
5.026463
5.52106
4.689674
4.322631
5.584927
4.254021
4.588294
5.24773
4.359765
5.674057
4.006976
4.244055
4.989483
4.427321
4.290827
4.552848
5.477116
4.320114
5.094617
4.150116
5.705953
4.765725
5.064036
5.197779
5.33269
4.669934
4.864241
4.271663
4.697279
4.717804
4.768479
4.094704
5.597211
5.171875
5.11282
5.1051
5.732804
4.818906
5.355991
4.045386
4.70242
4.681891
5.747643
4.871208
5.566544
5.408257
4.69905
4.713513
5.625566
4.667241
4.972862
5.033997
5.445669
4.673046
5.018067
5.381271
5.211022
4.983726
5.229774
5.169393
5.510743
5.358035
5.596533
4.069726
5.342191
3.910871
5.141261
4.930592
4.77245
4.701931
4.704538
4.903633
4.087084
5.686589
5.447618
5.527667
5.487675
5.519332
4.681473
5.281237
5.414753
4.67272
5.735215
4.880596
4.951833
4.880695
5.406216
5.208499
4.174812
5.292725
4.867764
5.073911
4.43605
4.542969
5.324247
4.624053
5.009422
4.766633
4.906386
4.572737
4.565759
5.6403
4.770013
4.996985
4.411117
4.714777
4.688907
5.247076
5.638887
4.968297
5.028487
4.712245
5.450092
4.641461
5.459705
5.890116
4.502357
4.719382
5.070172
4.796127
5.742786
5.714172
4.250724
4.712079
5.565421
5.31765
5.36796
4.740894
4.798715
4.709192
4.517553
5.816698
5.006202
4.657726
5.319968
5.663413
4.496132
5.320665
4.620285
5.255653
5.767242
5.467526
5.747459
5.890063
4.435826
4.802117
4.801988
4.552825
5.65747
5.292998
4.749747
4.978806
4.812688
5.209714
4.132225
4.39396
5.494822
4.429799
4.957787
4.063241
4.714108
5.427748
4.905678
5.576788
5.147549
5.04136
4.396889
4.977405
4.495806
5.098525
5.238733
4.687547
5.274624
4.962576
4.765119
4.509054
5.295334
5.073025
4.976835
4.511047
4.37004
4.313354
4.761213
4.901085
5.757052
5.260369
4.667839
5.559016
5.15241
4.05538
5.214937
5.798168
4.59842
4.261371
4.683997
3.680534
4.668953
4.695618
4.731762
4.746587
4.359619
4.580036
3.93756
4.662084
4.62019
4.242856
4.228931
4.798532
4.987502
5.165197
4.67647
4.665406
4.907628
4.274471
4.403146
4.628136
4.417633
4.816665
5.805013
4.643464
4.674915
4.41662
4.479195
5.045646
4.545135
4.695123
5.118015
4.691005
4.320134
5.009085
4.61909
4.992444
5.529734
5.330841
5.010775
4.573071
5.688499
5.865291
5.632564
5.028885
4.838509
4.390605
4.527015
4.998322
4.541637
4.978438
4.726724
4.4211
4.623385
4.691086
4.698406
4.38834
4.495501
3.932617
4.413685
5.568447
4.861751
4.770901
4.872903
4.762447
4.845541
5.211284
4.326773
4.609411
4.358496
4.857647
4.177269
4.409334
4.846034
4.169333
5.729791
5.07199
4.546904
4.707962
5.033094
4.467406
4.844096
4.587736
6.185795
4.814333
5.337118
5.362956
4.806159
4.307555
4.821447
4.590931
4.00262
4.644492
4.605226
3.519232
4.114276
5.008337
4.546946
4.758198
5.132925
5.18711
4.611019
4.336329
5.479078
5.214731
4.121426
4.351974
4.784342
4.087585
4.978322
4.525271
5.295584
4.822667
4.680734
4.12425
4.66194
4.728834
4.696824
4.765946
4.425351
5.45117
5.41727
4.931756
4.177443
4.686972
3.900248
4.35187
5.128351
5.421436
4.26607
5.943842
4.916688
4.888111
4.30951
4.947943
4.101184
5.081232
4.511827
4.481526
4.553457
4.155663
4.449948
4.242612
5.006443
4.742607
4.810273
4.996521
4.560694
4.205389
4.949187
5.060652
4.256801
4.90823
4.111386
5.143124
4.821177
5.018655
5.119704
5.29769
5.357896
5.793246
4.181231
5.411096
5.610485
5.343296
4.513038
5.043773
5.306605
4.194575
4.676641
4.216053
4.50552
5.535218
4.750495
4.634869
4.538621
5.166535
4.372296
4.833882
4.538554
5.16522
4.325191
5.020675
4.21393
4.686696
4.591962
5.497159
4.363799
4.608171
5.584879
5.585471
5.47504
4.343776
4.28568
5.490465
5.480745
5.288784
5.320472
4.463023
5.524133
5.546535
4.454084
4.862158
4.768845
4.420201
4.12947
4.268842
4.495948
4.242268
4.923366
5.026145
3.913014
5.242081
4.998472
4.672827
4.585281
4.115693
4.548756
4.569094
6.234472
4.541322
5.137161
5.65956
3.862137
5.067388
5.305882
4.719505
4.713236
4.730148
4.550978
5.075491
4.794753
5.115189
5.376205
5.506128
4.779206
4.870171
4.869253
4.217334
4.934167
4.577296
5.038036
4.27694
4.37096
3.959035
4.770667
4.758834
5.354882
5.10944
5.633266
4.485087
5.381887
4.970087
4.322729
5.066498
4.032884
4.684006
4.454897
4.861947
4.362631
3.828649
4.091339
5.109452
3.786875
4.117889
3.599741
4.707189
4.165564
4.526778
4.030591
5.020006
4.087909
4.205435
4.207531
5.376357
5.074432
3.707815
5.067559
4.300883
4.83499
5.097418
4.241674
4.062645
4.694449
3.962689
4.409284
4.665873
4.305842
4.282778
4.821979
5.214225
4.308413
4.630848
4.759197
5.122148
5.058175
4.446757
4.787722
5.861544
5.445136
4.710948
4.122985
5.163731
5.155172
4.247212
4.744469
4.648892
4.992588
4.382309
4.647514
4.401311
5.075272
4.925395
4.751161
4.440984
5.268001
4.486714
4.30495
5.158951
4.748247
5.274538
5.364353
5.110637
4.250225
4.13585
4.328875
4.482992
4.618173
4.896596
4.7051
4.788567
4.970298
5.279957
5.538099
5.325136
4.729886
4.577072
4.254435
5.034229
4.949125
4.65369
4.321249
4.97471
5.085082
4.812427
5.105075
4.90391
4.306114
4.880986
4.348573
4.996626
4.388634
4.655921
4.857054
4.140926
5.086908
4.463061
4.231952
4.113286
4.38195
4.128758
4.686232
4.724931
4.36987
4.351246
4.946264
3.791458
3.571519
4.510562
4.51955
4.387348
4.35308
3.938218
3.848091
3.76406
4.141612
5.72682
4.014123
4.242113
4.538525
4.787363
3.867854
5.232385
4.294352
5.171158
4.244612
4.095864
4.90439
4.443572
4.619769
5.393487
4.957135
4.041303
4.524492
4.642713
3.437956
4.833868
4.905975
4.79578
4.928414
4.222346
4.158639
4.264697
4.766084
4.069656
4.195431
5.602517
4.661018
5.208855
5.32884
5.382985
4.717776
4.448036
5.022354
4.564864
5.187538
4.599657
4.533733
4.789638
4.081942
5.156651
5.280147
4.595023
5.388268
4.052798
4.195358
4.852894
5.279786
4.556194
5.142422
4.960227
5.456229
4.656615
4.82379
4.857299
5.132815
5.39846
4.649445
5.63126
4.848838
5.003356
4.711067
4.883369
4.419308
5.203939
5.0776
4.910959
4.495328
4.417894
5.695132
4.694023
4.58402
4.654768
4.112405
4.798679
4.298049
5.159655
5.54901
5.247379
4.256132
5.766837
4.151294
4.209535
4.370246
5.044821
4.54449
4.668776
4.317228
5.921927
5.263508
4.580259
4.880228
4.47215
5.190626
5.067004
4.679731
5.138704
4.113719
4.716857
5.093687
4.88167
5.150005
5.271848
4.739936
4.682533
4.53089
4.921907
4.917775
5.111694
4.992327
4.213711
4.596391
4.872668
4.553627
5.101943
4.659076
4.537848
4.927175
4.573414
5.687257
5.240143
4.463632
5.544134
4.769953
5.163927
6.007469
5.781893
5.467677
4.470599
4.265428
5.137986
4.81117
4.833385
5.551713
5.427357
5.017854
5.043508
5.276291
4.837058
5.439119
5.426727
5.143591
5.051143
4.859047
5.48018
5.093257
5.277872
4.838559
4.873109
5.4879
5.233435
5.321266
4.639834
6.287349
5.202573
5.22033
5.287851
4.581871
4.852183
4.444614
4.030966
5.431139
5.220732
5.493295
4.709754
4.462303
4.504873
4.617959
5.43431
5.263282
4.121537
5.242754
5.090841
4.959056
5.393911
5.191287
4.997608
4.687784
5.17672
4.315113
4.808481
5.348492
4.307239
6.012018
4.845912
4.811748
4.98506
4.844248
4.830209
4.320053
5.215868
4.749382
4.544395
4.68106
4.964526
4.984316
4.824059
5.049574
5.297918
4.858755
5.418468
5.214164
5.602616
4.684702
4.485475
4.82405
4.819712
5.009007
5.370414
5.361307
5.22249
4.381993
4.626712
3.91
4.395262
5.300954
4.561678
5.104139
4.886732
4.479341
4.667399
5.293522
4.791302
4.49141
5.582071
5.201859
5.134548
5.255374
4.796824
4.56035
5.366716
4.509688
4.344576
4.421642
4.861642
4.897211
5.250349
5.221594
5.484167
5.33603
5.001591
4.92911
5.261116
5.215751
5.242036
4.95663
5.480745
5.917644
5.32483
5.521835
5.699845
4.871789
4.536479
5.681981
5.200265
5.655491
4.796419
4.595251
6.189845
5.581273
4.86042
5.103584
5.169616
5.354968
4.558365
5.084875
4.881755
5.242745
4.882139
5.28449
5.555151
4.317428
4.873197
5.254062
5.177096
4.426324
4.484739
5.243453
4.660391
4.776054
5.008355
4.964156
5.013908
5.684626
5.529065
4.946666
5.165081
5.044019
5.083849
5.753328
4.72872
5.065445
5.352636
5.04756
4.275382
4.823023
4.787531
5.843164
4.566511
4.094624
4.746936
4.791304
4.775696
4.272687
5.373416
4.733188
5.0082
5.842685
5.124973
4.694331
5.025423
4.541078
4.578138
4.386962
5.100622
5.06582
4.261885
4.795053
4.275318
4.801498
4.460089
5.071772
4.902569
4.508152
4.909065
5.349054
5.438923
5.784919
4.893386
4.835809
4.646164
5.604994
4.799002
4.79313
4.779091
4.532098
4.989978
5.706397
5.090352
5.041445
5.378579
4.70835
5.89652
4.752768
4.856496
5.011947
5.474953
5.43422
5.053515
4.793466
5.029674
4.864239
5.300165
5.567824
4.397934
4.577331
4.861418
4.422967
5.28828
5.650834
5.780813
3.99414
4.530929
5.565066
4.734626
4.518285
6.168624
4.817437
4.294797
5.595256
4.751766
5.218236
4.343642
4.795882
4.98545
4.926378
5.376035
4.181709
4.184811
4.613745
4.900692
4.464272
5.06226
4.699376
4.835535
4.422805
5.165247
4.885595
5.17411
5.170347
4.387804
4.806241
5.028121
4.90041
4.484921
4.679079
4.427747
4.971228
4.455875
5.553183
4.684587
4.057359
4.910956
5.240659
4.268955
5.124975
4.755348
4.633591
4.837573
4.773275
5.297541
4.937669
5.669529
5.068434
5.07491
4.471419
5.053066
5.212368
4.809097
5.00928
4.991915
5.186543
4.704987
4.559007
5.390486
4.883474
4.45554
4.826103
5.747992
4.585106
5.398419
5.09005
5.261207
4.932252
4.601054
4.552565
5.302467
5.016522
4.895569
4.587584
5.03316
5.295518
5.008129
4.834064
5.936438
5.242406
5.557622
4.691177
4.940176
5.449693
5.755679
5.439959
5.686482
4.638764
4.736742
4.912157
4.697913
5.999467
4.202778
4.428248
4.588972
4.102236
4.767582
5.019292
4.699183
4.618273
5.022794
4.572813
4.765844
5.887573
4.810932
4.711526
4.287194
4.583681
5.278752
5.653406
5.066789
4.841493
5.959609
4.969077
4.496662
4.438738
5.238205
5.506591
4.531895
5.125059
5.162622
5.020759
5.025393
5.617847
5.234481
4.548588
4.392287
4.791784
4.693214
5.158597
4.457325
4.904946
5.487503
5.091495
5.008697
4.972073
4.772657
4.525792
4.659793
5.563535
5.448292
5.311367
5.000282
5.034565
4.539646
5.313509
5.058461
5.641517
5.414135
5.133505
4.881312
4.290581
5.077839
4.211026
4.552624
4.9703
4.381532
4.382683
4.317192
5.279947
4.624584
5.241436
4.804572
4.597884
4.61954
5.795578
5.507447
5.226826
4.207046
5.241231
4.487579
5.176479
4.731387
4.964477
5.468406
4.80761
4.642722
5.067961
5.000445
5.286942
4.056569
5.164052
5.516433
4.744044
4.992984
5.307478
4.810734
4.970645
4.901761
5.008708
4.846277
3.932323
4.789522
4.924543
4.951071
4.778984
5.338491
5.439656
4.440076
4.794679
5.755203
5.240253
5.269953
4.72477
5.391511
5.781688
5.02274
4.943402
5.222741
5.136815
5.517983
5.549429
4.753324
5.398158
5.364757
5.065953
4.967603
5.457025
6.48608
5.632123
4.513189
4.836539
4.549543
4.628093
5.468317
4.830629
4.787963
4.744997
4.482687
4.20992
5.279126
5.661325
3.990963
5.261466
5.049428
5.013208
4.864459
4.914845
4.983462
5.25868
4.787039
5.096259
4.257358
