2.278607
2.300143
2.081344
2.248404
2.167313
1.996755
2.360334
1.928617
2.451732
2.225054
2.073709
2.163595
2.097145
2.112116
2.181424
2.045871
2.035211
2.175343
2.31399
2.11387
2.165968
2.075414
2.146912
2.272207
2.158497
2.12766
2.322652
2.191421
2.239968
2.307966
2.286536
2.303729
2.419748
2.183079
2.254281
2.124892
2.167594
2.266968
2.069241
2.416398
2.187471
2.065555
2.03718
2.124547
2.086625
2.145834
2.208243
2.176433
2.039026
2.033288
2.021549
2.285615
2.321168
2.374114
2.099242
2.312381
2.161504
2.188695
2.353189
1.990516
2.251166
2.207882
2.150052
2.501851
2.071809
2.433324
2.307784
2.134046
1.892353
2.115692
2.377242
2.140957
2.519069
2.207196
2.222755
2.443781
2.344063
2.288447
1.985132
2.143564
2.188746
2.117248
2.27608
2.140004
2.166352
2.285683
2.28867
2.080319
2.303249
2.24568
2.417272
2.09922
2.313983
2.151883
2.150803
2.19763
2.10943
2.244276
2.262867
2.285726
1.965545
2.062501
2.226495
1.964153
2.257005
2.22488
2.281319
2.20772
2.330735
2.058963
2.104275
2.295937
2.228737
2.278456
2.203999
2.18624
2.16582
2.231301
1.968462
2.142253
2.202401
2.20572
2.154983
2.12481
2.055136
2.199324
2.194489
2.078647
2.101654
2.144419
2.195478
2.219159
2.127301
2.357258
2.137495
2.279143
2.301045
2.475547
2.235605
1.874219
2.058571
2.061035
2.187444
2.276686
2.127864
2.200838
2.28067
2.186172
2.226349
2.165477
2.16529
2.028987
2.069728
2.115045
2.052451
2.031567
2.289767
2.319195
2.206889
2.176582
2.06723
2.188684
1.995077
2.106519
2.204627
2.18052
2.317763
2.43038
2.241166
2.345254
2.238443
2.285617
2.171151
2.345699
2.106802
2.335053
2.045056
2.175961
2.224395
2.119375
2.252119
2.209095
2.259013
2.09842
2.186895
2.293301
2.205137
2.086072
2.19033
2.256499
2.336597
2.350707
2.314376
2.216409
2.145908
2.13454
2.260243
2.222372
2.156037
2.322108
2.328896
2.215868
2.307433
2.135186
2.473774
2.348765
2.286259
2.438461
2.281372
2.147042
2.149586
2.239682
2.188282
2.294973
2.313184
2.271881
2.037866
2.156346
2.220815
2.276101
2.052911
2.290366
2.014712
2.223645
2.172828
2.195409
2.125131
2.26964
2.079579
2.170158
2.097388
2.072259
2.088029
2.171651
2.214613
2.18082
2.179115
2.052581
2.147291
2.141421
2.095322
2.048334
2.225567
2.414473
2.348748
2.454054
2.40813
2.254867
2.150661
2.149247
2.256803
2.192189
2.285321
2.248189
2.233677
2.288702
2.380915
1.975613
2.139116
2.137725
2.062236
2.111427
2.280938
2.150691
2.198095
2.191987
2.225794
2.093411
2.108191
2.341961
2.325187
2.143591
2.19554
2.165875
2.130356
2.307246
2.263679
2.105972
2.183419
2.254824
2.169612
2.07287
2.169763
2.106569
2.303405
2.255803
2.234293
2.412605
2.232071
2.420026
2.194519
2.419788
2.3286
2.284728
2.314237
2.241877
2.20552
2.142893
2.361411
2.297801
2.251063
2.211963
2.177349
2.137886
2.191476
2.383603
2.31291
2.140385
2.307915
2.158945
2.102537
2.206887
2.156613
2.185547
2.252528
2.432831
2.245953
2.374126
2.109351
2.117701
2.141998
2.302388
2.160917
2.540313
2.26663
2.176774
2.166357
2.199592
2.18602
2.083809
2.227614
2.230553
2.400753
2.123827
2.451826
2.29377
2.364336
2.539917
2.315008
2.116493
2.135308
2.278202
2.050877
2.201549
2.191411
2.184773
2.150872
2.287615
2.295044
2.260591
2.04541
2.140983
2.184665
2.229811
1.999248
2.086858
2.205663
2.126484
2.045546
2.282491
2.253682
2.427193
2.210628
2.05967
2.224616
2.145729
2.336226
1.998463
2.110546
2.183839
2.138661
1.958585
2.096394
2.371335
2.288712
2.467036
2.053117
2.193936
2.122393
2.014099
2.365162
2.323659
2.178584
2.249617
2.205911
2.204495
2.103918
2.102704
2.621974
2.140354
2.28113
2.115307
2.225304
1.952635
2.118345
2.202991
2.233518
2.303759
2.342231
2.289463
2.164252
2.252645
2.262256
2.098224
2.28746
2.338198
2.127938
2.200644
2.151284
2.137548
2.225897
2.240475
2.161497
2.195361
2.060912
2.075572
2.140541
2.15992
2.281827
2.097409
2.111246
2.097387
2.097888
2.039129
2.100309
2.15698
2.30862
2.245614
2.338712
2.29318
1.977097
2.129254
2.005854
2.078761
2.239022
2.097256
2.070435
2.187454
2.199046
2.294122
2.133773
2.30686
2.056811
2.220727
2.135516
2.115985
2.142975
2.324187
2.159136
2.255984
2.12829
2.355033
2.252913
2.270055
2.403539
2.174133
2.045333
2.043005
2.227659
2.558405
2.232479
2.142233
2.193371
2.158763
2.057102
2.061547
2.230283
2.200716
2.095366
2.118905
2.355353
2.269784
2.344705
2.467966
2.183299
2.115259
2.137758
2.220949
2.203229
2.11609
2.114855
2.225912
2.139014
2.25843
2.232899
2.351511
2.361747
2.098195
2.156866
2.120558
1.960824
2.368814
2.194719
2.091176
2.249461
2.29303
2.187864
2.126631
2.286038
2.225517
2.322391
2.329767
2.31475
2.238593
2.272551
2.256189
2.364937
2.126252
2.066871
2.02151
2.124048
2.142254
2.030368
2.280561
2.171978
2.291536
2.176816
2.074931
2.118258
2.213151
2.074254
2.181388
2.1259
2.300389
2.238712
2.175531
2.122963
2.110993
2.219785
2.416113
2.345824
2.336133
1.962126
1.96478
2.284092
2.038759
1.975988
2.179163
2.123489
2.229016
2.208943
2.09684
2.134243
2.20429
2.356609
2.203437
2.066444
2.217626
2.271567
2.352554
2.079516
2.156236
2.3208
2.283883
2.35124
2.235941
2.2839
2.393647
2.170429
2.183563
2.228654
2.166592
2.457039
2.076283
2.102064
2.160149
2.294707
2.172083
2.139655
2.090953
2.330572
2.259505
2.446135
2.282346
2.324127
2.221858
2.014157
2.268364
2.182597
2.383326
2.253422
2.41179
2.331529
2.322568
2.292074
2.326553
2.210798
2.255104
2.154011
2.270183
2.367159
2.112462
2.186144
2.233883
2.130222
2.156444
2.156798
2.060847
2.328974
2.020659
2.109706
2.136572
2.153933
2.195514
2.177836
2.233608
2.175144
2.360216
2.303202
2.331729
2.312973
2.156848
2.274017
2.290139
2.191541
2.085777
2.280121
2.123288
2.326774
2.145643
2.336683
2.177773
2.402634
2.344673
2.296783
2.15711
2.295835
2.172326
2.230216
2.234618
2.199252
2.376448
2.330657
2.34618
2.153111
2.192199
2.25346
2.311254
2.075835
2.091988
2.05513
2.244901
2.297078
2.259929
2.05303
2.055584
1.978612
2.036314
2.24713
2.178642
2.131168
2.082797
2.063643
2.164626
2.15777
2.312584
2.250454
2.124187
2.346732
2.343153
2.114763
2.084592
2.087319
2.31362
2.226663
2.006325
2.063101
2.119259
2.105025
2.224768
2.427321
2.286787
2.242384
2.104722
2.33076
2.428397
2.182166
2.232983
2.154514
2.138351
2.189032
2.149776
2.171736
2.208561
2.380791
2.324156
2.366881
2.371041
2.12987
2.309958
2.31678
2.190758
2.142285
2.05367
2.206325
2.107838
2.114795
2.108872
2.087987
2.282356
2.102059
2.180436
2.236739
2.157833
2.335427
2.314999
2.416735
2.393422
2.413529
2.181103
2.227334
2.276367
2.210658
2.338482
2.325612
2.307925
2.024281
2.181973
2.093222
2.376538
2.303554
2.227639
2.172161
2.315843
2.224851
2.416757
2.157004
1.895995
2.116535
2.148168
2.111966
2.285336
2.31443
2.264862
2.094046
2.153216
2.145087
2.253709
2.063572
2.153301
2.110227
2.236824
2.422174
2.208769
2.227303
2.036453
2.260767
2.22704
2.272704
2.147119
2.348564
2.242555
2.312689
1.992478
1.81772
2.066329
2.121587
2.356246
2.249811
2.394423
2.015613
2.367959
2.184032
2.141345
2.261919
2.00506
2.050021
2.196483
2.110826
2.228539
2.078403
2.193872
2.074781
2.216195
2.003784
2.136774
2.066424
2.154769
2.333709
2.231688
2.214171
2.338845
2.165622
2.260117
2.363485
2.355964
2.436096
2.478505
2.144456
1.909622
2.085164
2.232889
2.32164
2.122438
2.335532
2.185167
2.243672
2.179389
2.066853
2.173709
2.143881
2.102835
2.302031
2.337407
2.074079
2.260716
2.276172
2.180729
2.319315
2.32265
2.207443
2.131272
2.014818
2.176122
1.942421
2.282712
2.082856
2.211893
2.278127
2.336551
2.175459
2.582989
2.465941
2.296744
2.119939
2.202406
2.115816
2.229383
2.260202
2.293248
2.052645
2.34517
2.098876
2.332389
2.073864
2.130597
2.139407
2.173542
2.344157
2.083693
2.288927
2.203085
2.082353
2.325774
2.543723
2.294511
2.431201
2.143307
2.174872
2.253804
2.167784
2.307168
2.195695
2.317697
2.26145
2.340949
2.175237
2.238755
2.226014
2.284762
2.131149
2.33035
2.279166
2.278143
2.202553
2.035834
2.231992
2.160722
2.241782
2.339964
2.313877
2.148188
2.176559
2.139928
2.372638
2.186832
2.34157
2.178716
2.183359
2.303879
2.148313
2.414158
2.118973
2.49351
2.047063
2.151089
2.173902
2.382721
2.336976
2.357014
2.221123
2.532604
2.266946
2.417748
2.21857
2.173743
2.164978
2.465359
2.039995
2.406136
2.255117
2.155312
2.057189
2.159944
2.25581
1.991965
2.124707
2.281932
1.978621
2.14521
2.359287
2.232778
2.300263
2.317195
2.216748
2.262042
2.208991
2.37631
2.164767
2.18856
2.073211
2.238347
2.343193
2.311469
2.168493
2.211151
2.244034
2.275946
2.321646
2.428421
2.069228
2.224209
2.07186
2.327708
2.196851
2.344647
2.287971
2.122312
2.215828
2.324555
2.148999
2.141731
2.315293
2.296319
2.326237
2.100238
2.234107
2.258983
2.23689
2.16348
2.122317
2.195137
2.215095
2.342353
2.11101
2.073944
2.449363
2.121744
2.384465
2.244285
2.182839
2.352061
2.21565
2.195008
2.341701
2.227581
2.247946
2.236109
2.20162
2.150353
2.201945
2.171812
2.248234
2.082969
2.12804
2.165687
2.095115
2.154169
2.14132
2.317228
2.124527
2.126195
2.161051
2.180357
2.218235
2.266894
2.344525
2.298452
2.355267
2.326563
2.208198
2.369557
2.228771
2.243321
2.180348
2.046132
2.212223
2.353501
2.356479
2.072166
2.183064
2.101146
2.197031
2.20853
2.10928
2.296283
2.244517
2.388893
2.225711
2.334012
2.323151
2.333854
2.313207
2.314775
2.277523
2.199619
2.248218
2.340017
2.116753
2.093647
2.118414
2.009293
2.130941
2.114475
2.109289
1.999936
2.039213
2.094996
2.133491
2.06413
2.139256
2.351525
2.419255
2.330603
2.196472
2.363768
2.156458
2.173454
2.072416
2.146177
2.094459
2.188116
2.211174
2.422735
2.289835
2.060433
2.200372
2.128946
2.162777
2.254385
2.335619
2.146129
2.210006
2.208471
2.264444
2.152089
2.285267
2.398913
2.369836
2.24299
2.199283
2.284629
2.270438
2.189574
2.426593
2.294421
2.129506
2.164975
2.155417
2.170389
2.020009
2.278538
2.24879
2.377798
2.155048
2.059043
2.252551
2.10234
2.402772
2.169008
2.165228
2.229015
2.189792
2.160703
2.320104
2.382076
2.238821
2.064397
2.123218
2.114822
2.189681
2.15748
2.098874
2.243311
2.328493
2.225962
2.093853
2.38418
2.245785
2.268809
2.229204
2.206797
2.229711
2.11181
2.16615
2.347649
2.111915
2.202446
2.116209
2.117875
2.471073
2.19817
2.417345
2.19904
2.465853
2.278787
2.242235
2.298035
2.119018
2.261167
2.345254
2.151859
2.105598
2.474529
2.232529
2.166227
2.32503
2.234481
2.39013
2.194657
2.211618
2.154866
2.249336
2.219899
2.297832
2.132495
2.093032
2.055394
2.119296
2.250258
2.107455
2.150284
2.202841
2.203142
2.180591
2.26497
2.393603
2.050936
2.474951
2.281741
2.128354
2.18578
2.158562
2.057771
2.080821
2.124365
2.133929
2.104047
2.212778
2.365047
2.279519
2.206413
2.208782
2.571307
2.222369
2.212603
2.252747
2.210071
2.354253
2.352258
2.303329
2.249767
2.036867
2.177555
2.144693
2.111933
2.208645
2.272531
2.161763
2.138661
2.162704
2.302082
2.299836
2.141625
2.268907
2.246597
2.181991
2.147159
2.195975
2.140252
2.252693
2.156081
2.247523
2.31497
2.222069
2.327451
2.133067
2.283612
2.146441
2.189876
