1.999324
2.260542
2.280922
2.312136
2.172578
2.055513
2.291809
2.2583
2.067932
2.043587
2.155446
2.217702
2.376829
2.376272
2.49319
2.17432
2.107904
2.24893
2.399237
2.106152
2.286874
2.197643
2.030745
2.012605
2.219677
1.95329
2.147676
2.073442
2.202469
2.247742
2.126021
2.19016
2.223109
2.363387
2.425223
2.218771
2.283269
2.240694
2.284384
2.195179
2.135542
2.420745
2.32918
2.163941
2.307764
2.339352
2.287083
2.185521
2.326988
2.103798
2.202542
2.123917
2.160305
2.325003
2.167576
2.369915
2.306284
2.173034
2.177826
2.210018
2.126787
2.306996
2.339728
2.119822
2.335888
2.291565
2.095603
2.194215
2.428127
2.297524
2.19623
2.253283
2.370828
2.082871
2.4413
2.208974
2.043637
2.431791
2.193134
2.018785
2.037757
2.143113
2.017096
2.384296
2.296757
2.37341
2.153267
2.198281
2.24283
2.395608
2.231188
2.178672
2.279478
2.263322
2.062848
2.286176
2.27882
2.245107
2.168244
2.10137
2.207791
2.078169
2.226835
2.125156
2.139814
2.133
2.152092
2.05648
1.995156
2.295809
2.255953
2.087634
2.149056
2.125737
2.283868
2.13944
2.084652
2.065176
2.129951
2.071064
2.215139
2.108888
2.147163
2.207771
2.083584
2.352943
2.237239
2.22293
2.019836
2.093206
2.147734
2.04037
2.118049
2.126724
2.251655
2.163158
2.284706
2.240765
2.133196
2.305068
2.193871
2.263984
2.40043
2.059631
2.245412
2.116174
2.166878
2.114643
2.095296
2.155243
2.159176
2.210972
2.397794
2.26463
2.162974
2.082091
2.239195
2.247127
2.229303
2.124805
2.372142
2.204217
2.204229
2.05616
2.203275
2.162677
2.131995
1.964254
2.290352
2.094184
1.945824
2.084755
2.16859
1.89505
2.080515
2.266754
2.103002
2.111269
2.120753
2.068847
2.136581
2.127874
2.129292
2.115528
2.173067
2.208594
2.202699
2.080902
2.168963
2.297943
2.105098
2.133348
2.343078
2.060477
1.979402
2.173844
1.994109
2.129798
2.327135
2.201446
2.266365
2.16325
2.252496
2.07714
2.196557
2.090079
2.070093
2.225598
2.308351
2.040808
2.341344
2.279663
2.144384
2.24559
2.29661
2.445529
2.246185
2.128396
2.130593
2.052764
2.361474
2.157958
2.117329
2.357944
2.273358
2.127419
2.298936
2.218982
2.305994
2.366092
2.144139
2.171877
2.246913
2.2787
2.097278
2.23574
2.271049
2.131746
2.213646
2.279671
2.21271
2.057207
2.242402
2.171642
2.141926
2.305994
2.302158
2.144613
2.33398
2.276373
2.333242
2.208348
2.301415
2.310526
2.312222
2.27141
2.189746
2.117859
2.098764
2.105024
2.186478
2.071275
2.226261
2.145123
2.057016
2.063904
2.083042
2.311755
1.987089
2.213056
2.15672
2.26018
2.180535
2.069855
2.109857
2.111766
2.034918
2.247495
2.172581
2.537095
2.106513
2.314252
2.023607
2.053961
2.098822
2.326997
2.198099
2.336522
2.336327
2.308442
2.22721
2.116922
2.213555
2.26244
2.014405
2.278879
2.086864
2.389714
2.289434
2.204481
1.96903
2.144707
2.179055
2.249095
2.020869
2.149648
2.149824
2.009931
2.361312
2.147025
2.051323
2.279193
2.299073
2.39896
2.307625
2.359672
2.309331
2.254883
2.186458
2.054784
2.097625
2.162119
2.037949
2.020549
2.151719
2.03898
2.168888
2.112484
2.240543
2.137512
2.181556
2.089263
1.989008
2.073746
2.332538
2.219137
2.287246
2.14501
2.229488
2.156453
2.205734
2.198417
2.318713
2.232291
2.152181
2.270668
2.305541
2.252669
2.241467
2.135412
2.233588
2.22781
2.226515
2.233503
2.147848
2.179709
2.201384
2.24442
2.347136
2.230296
2.363722
2.219896
2.207707
2.246765
2.222169
2.273715
2.275248
2.224156
2.30077
2.079907
1.9148
2.050249
2.178208
2.145486
2.45934
2.401356
2.26278
2.113238
2.011949
2.105609
2.231972
2.039943
2.184181
2.139043
2.253775
2.437271
2.202407
2.198169
2.34816
2.287489
2.240641
2.343648
2.50891
2.267382
2.346969
2.026054
2.196765
2.134592
2.166429
2.348635
2.247062
2.211709
2.198146
2.227024
2.209471
2.059306
2.06301
2.121551
2.266647
2.378285
2.481087
2.154802
2.196605
2.285301
2.272548
2.456752
2.225571
2.182631
2.121708
2.315727
2.201586
2.286349
2.181006
2.170099
2.092155
2.007326
2.033225
1.986611
2.117537
2.280233
2.195629
2.394035
2.080718
2.254752
2.20024
2.227449
2.195607
2.205406
2.24686
2.182322
2.10843
2.367209
2.161099
2.331125
2.26343
2.177223
2.100805
2.081358
2.230553
2.086284
2.093692
2.113167
2.253802
2.114773
2.089253
2.294502
2.054545
2.247557
2.171561
2.353104
2.248096
2.338809
2.223614
2.20546
2.076418
2.302655
2.168368
2.194559
2.226577
2.044066
2.079428
1.948595
2.074013
2.388269
2.334804
2.254178
2.382427
2.022286
2.385559
2.229475
2.305852
2.074999
2.293327
2.19545
2.081756
2.27135
2.269607
2.102677
2.036121
2.260352
2.09651
2.421341
2.177173
2.187493
1.95637
2.199184
2.196323
2.185673
2.519896
2.164285
2.263716
2.22387
2.201272
2.0536
2.039435
1.965876
2.01182
2.100347
2.369391
2.221012
2.215921
2.280842
2.285153
2.148652
2.018415
2.223847
2.147217
2.279046
2.382632
1.954383
1.859758
2.082602
2.058107
2.16908
2.190009
2.307261
2.146957
2.230672
2.266736
2.258485
2.103225
2.096743
2.044514
2.057754
2.16097
2.114992
2.115981
2.132877
2.093239
2.1924
2.326498
2.243605
2.267658
2.340658
2.317718
2.124725
2.325002
2.44999
2.149984
2.250078
2.058939
2.30109
2.056784
2.043105
2.083456
2.322031
2.156486
2.248841
2.148401
2.023618
2.123183
2.203896
2.268401
2.135354
2.257387
2.281314
2.095078
2.086588
2.138075
2.284667
2.224539
2.132297
2.243456
2.236672
2.159783
2.080987
2.30972
2.419424
2.300668
2.112263
2.223774
2.297031
2.273238
2.335063
2.368666
2.101452
2.157353
1.998843
2.246038
2.217408
2.270611
2.227566
2.286773
2.165108
2.228259
2.549432
2.457726
2.207052
2.176972
2.078227
2.281693
2.38354
2.194856
2.224904
2.177247
2.195334
2.199007
1.979986
2.15371
2.185167
2.225152
2.264591
2.484996
2.09754
2.019906
1.990418
2.094258
2.161353
2.091322
2.107879
2.195532
2.256353
2.233717
2.300724
2.279265
2.37016
2.16499
2.227889
2.232146
2.343346
2.151353
2.190344
2.213439
2.238992
2.124339
2.256731
2.028099
2.196472
2.08177
2.205397
2.044527
2.19956
2.308217
2.187583
2.199363
2.223414
2.102297
2.209048
2.131199
2.370311
2.175852
2.151343
2.075155
2.147003
1.913526
2.000629
2.140508
2.125274
2.361671
2.291358
2.233376
2.067717
2.078918
2.436099
2.247501
2.188035
2.106757
2.177067
2.186867
2.216869
2.200885
2.207904
2.241378
2.354765
2.263379
2.389406
2.062651
2.07492
2.172338
1.98357
2.117023
2.279032
2.299933
2.115885
1.917784
1.975902
2.131518
1.954683
2.294095
2.159817
2.049762
2.123436
2.14812
2.45545
2.152186
2.187987
2.187172
2.021329
2.027486
2.189458
2.246062
2.258361
2.173963
2.191284
2.078496
2.36187
2.079
2.084197
2.40034
2.409423
2.24576
2.248059
2.112622
2.15745
2.338282
2.316776
2.300443
2.183924
2.115729
2.321098
2.229013
2.241424
2.119583
2.12563
2.214286
2.196797
2.075955
2.01881
2.264413
1.984451
2.367347
2.115183
2.288364
2.150143
2.354024
2.223611
2.284456
2.260486
2.394671
2.20203
2.179693
1.959235
2.432905
2.359336
2.135699
1.97197
2.097826
2.247499
2.239365
2.248419
2.087751
2.202867
1.857577
2.083404
2.16082
2.150242
2.045939
2.004659
2.052323
2.155812
2.377213
2.307264
2.29907
2.322349
2.184463
2.049614
2.292151
2.194284
2.246286
2.189804
2.071801
2.053601
2.07453
2.001656
2.313814
2.283603
2.29455
2.055758
2.18591
2.00147
2.260683
2.255353
2.132341
2.124215
2.049969
2.067068
1.980131
2.143602
2.25984
2.353655
2.031747
2.140765
2.248732
2.352067
2.316749
2.077725
2.00995
2.25176
2.212046
2.261498
1.962869
2.150645
2.250396
2.298232
2.249881
2.386031
2.181849
2.256947
2.154871
2.181504
2.298621
2.003499
2.100949
2.16751
2.179839
2.375241
2.230258
2.047312
2.057411
2.278378
2.083268
2.169214
2.300566
2.432056
2.342982
2.132482
2.061555
2.308574
2.280792
2.299351
2.254843
2.176385
2.152145
2.206067
2.082564
2.016888
2.148538
2.177072
2.040998
2.291476
2.184296
2.269947
2.155083
2.146832
2.334352
2.444688
2.265694
2.257016
2.04345
2.170642
2.195883
2.101512
2.105109
2.100938
2.199077
2.260903
2.342362
2.427945
2.288746
2.191095
2.236669
2.130389
2.245868
2.099313
2.144499
2.27551
2.336747
2.351568
2.107004
2.131577
2.229035
2.306159
2.314916
2.107251
2.265437
2.086309
2.232211
2.196267
2.363927
2.144004
2.293788
2.18287
2.130269
2.165204
2.370018
2.03812
2.28161
2.174541
2.168467
2.118283
2.149744
2.328871
2.042956
2.289535
2.343322
2.178748
2.225986
2.151438
2.077078
1.927239
1.912551
2.117339
2.040319
2.04364
2.296018
2.188032
2.201615
2.141552
2.117338
2.146126
2.224528
2.144826
2.236713
2.362324
2.471264
2.196214
2.272724
2.290372
2.129727
2.164514
2.06591
2.191329
2.134677
2.370723
2.192123
2.211418
2.075953
2.238224
2.327115
2.25196
2.354542
2.204078
2.05491
2.073434
2.086153
2.074558
2.257208
2.087752
2.220057
2.083682
2.289116
2.181421
2.209764
2.215129
2.203786
2.274856
2.162189
2.226899
1.883298
2.038679
1.999317
2.119035
2.15215
2.102669
2.12283
2.015371
2.153887
2.15516
2.065478
2.087921
2.195347
2.167445
2.306052
2.213705
2.150958
2.060931
2.058557
2.046214
2.19388
2.110409
2.187912
2.360275
2.003023
2.282845
2.217765
2.128416
2.197547
2.119887
2.30065
2.079387
2.046264
2.070779
2.128475
1.977172
2.096633
2.194847
2.172113
2.113231
2.15395
2.19479
2.161887
2.200228
2.272934
2.148692
2.308978
2.072064
2.235291
2.226518
2.15499
2.027005
2.112741
2.168312
2.051918
2.137111
2.261602
2.263697
2.274438
2.205989
2.032784
2.192296
2.136153
2.229541
2.149275
2.28219
2.300938
2.005741
2.382534
2.260064
2.344443
2.095042
2.096095
2.282176
2.216721
2.344752
2.358726
2.294361
2.152028
2.274722
2.19332
2.038837
2.216441
2.304331
1.985738
2.116579
2.209817
2.366961
2.216916
2.083831
2.201105
2.203977
2.265147
2.21259
2.344162
2.203273
2.168539
2.030219
2.07978
2.303991
2.140619
2.231132
2.128602
2.145317
2.220663
2.400572
2.249771
2.220502
2.321286
2.242778
2.350566
2.095049
2.352552
2.074136
2.020599
2.174877
2.017972
2.102671
2.245724
2.31268
2.24213
2.063408
2.132207
2.150287
2.269107
2.207987
2.346305
2.243688
2.044043
1.963497
2.102597
2.109881
2.028963
2.33349
2.361887
2.211106
2.253527
2.213395
2.398285
2.098419
2.222675
2.173882
2.138696
2.194018
2.148693
2.266223
2.231355
2.32429
2.321017
2.266331
2.258998
2.279504
2.15019
2.167895
1.994313
2.115003
2.135815
2.271295
2.255536
2.379357
2.161509
2.25975
2.038197
2.086514
2.321996
2.168922
2.185636
2.144846
2.250988
2.108472
2.178971
2.118451
2.112521
2.177329
2.119904
2.312747
2.21186
2.230843
2.16091
2.090019
1.971134
2.250497
2.190929
2.108807
2.148677
2.251756
2.230765
2.147369
2.220125
2.024488
2.247398
2.225815
2.061484
2.254509
2.342435
2.205761
2.175017
2.313477
2.117961
2.202898
2.119295
2.122838
2.297818
2.139763
2.261864
2.37107
2.316296
2.332459
2.144318
2.266119
2.3397
2.090845
2.19566
2.096529
2.146428
2.143204
2.236331
2.255414
2.153776
2.117663
2.112673
2.216125
2.353671
2.0629
2.183015
2.025068
2.102685
2.028958
2.255481
2.193965
2.115519
2.180979
2.416303
2.18124
1.966707
2.290243
2.186193
2.381795
2.205837
2.208109
2.082239
2.261165
2.112778
2.205432
2.076329
2.179629
2.140601
2.03242
2.316141
2.177323
2.237913
2.349951
