1.069556
1.320266
1.273072
1.796458
1.713574
1.78851
1.489095
1.357599
1.547652
1.718545
1.239583
1.455488
1.370937
1.61656
1.448768
1.362041
1.285057
1.533635
1.800722
1.406185
1.614345
1.715647
1.789987
1.880951
1.462602
1.519707
1.517395
1.694336
1.659738
2.226692
1.363016
1.517658
1.047605
1.159463
1.720303
1.496658
1.539263
1.335664
1.654992
1.628267
1.250096
2.002581
1.691069
1.466384
1.606812
1.820919
1.675715
1.449014
1.384106
1.20537
1.457108
1.618992
1.585985
1.606188
1.344844
1.457069
2.009123
1.759859
1.928025
1.805863
1.483459
1.148862
1.202982
1.662782
1.412501
1.732103
1.158089
1.530364
1.432991
1.17728
1.933732
1.63551
1.763746
1.442212
1.109599
1.86777
1.708333
1.59721
1.784046
1.319169
1.893772
1.494156
1.656943
1.505069
1.439764
1.432922
1.155456
1.286817
1.686942
1.103805
1.708602
1.882442
1.170475
1.554368
1.454007
1.583682
1.825816
1.354178
1.550376
1.474884
1.478094
1.506104
1.634487
1.270001
2.131452
1.341179
1.11429
1.863466
1.981932
1.233103
1.29973
1.54382
1.860402
1.390996
1.423981
1.562326
1.433615
1.792035
1.570738
1.432909
1.352179
1.582632
2.088206
1.327025
1.813932
1.300371
1.438117
1.566704
1.766317
1.230427
1.606747
1.354435
1.788538
1.306516
1.746008
2.082973
1.243656
1.254109
1.411235
1.368724
1.658849
1.508505
1.278988
1.756934
1.509258
1.290099
1.64467
1.419713
1.837587
1.584248
1.671834
1.388957
1.677002
1.276349
1.695964
1.707671
1.742974
1.411439
1.807636
1.70265
1.531183
1.745643
1.730366
1.968663
1.483873
1.662866
1.496157
1.512599
1.386182
1.615941
1.291371
1.400857
1.676031
1.283212
1.994135
1.127502
1.440586
1.419435
1.312863
1.944395
1.520932
1.419607
1.406495
1.226933
1.378121
1.722875
2.2052
1.453007
1.840336
1.660073
1.821764
1.272205
1.352727
1.721471
1.269386
1.412077
1.358939
1.340051
1.487468
1.432221
1.825954
1.324575
1.80782
1.527016
1.673899
1.667819
1.482829
1.573297
1.89114
1.35362
1.440065
1.26821
1.583652
1.782283
1.399143
1.676636
1.848124
1.868033
1.016112
1.226695
1.62509
1.14885
1.161126
2.058576
1.05112
1.217019
1.813021
1.411925
1.344642
1.433616
1.378197
1.144638
1.215632
1.506516
1.466081
2.091669
1.370385
1.430919
1.394028
1.502319
2.101315
1.903968
1.377764
2.145896
2.123903
1.55654
1.824001
1.351633
1.572968
1.258318
1.438053
1.750298
1.496992
1.488663
1.737415
1.807724
1.807903
1.504861
1.575787
1.11042
1.730623
1.645409
1.008475
1.352509
1.200512
1.560169
1.805386
1.528178
1.556719
1.280521
1.552066
1.460935
1.335062
1.202739
1.624647
1.196373
1.490132
1.654825
1.214359
1.293445
1.543512
1.461948
1.971418
1.828384
1.323247
2.237833
1.519896
1.534973
1.97673
1.332989
1.498016
1.473594
1.888458
1.495706
1.2766
1.352557
1.673404
1.875299
1.729027
1.480545
1.278843
1.614353
1.434052
1.841636
1.189246
1.221455
1.46666
1.880025
1.100684
1.253632
1.37163
1.368376
1.613831
1.640457
1.402297
1.656346
1.482838
2.115234
2.074972
2.096354
1.631516
1.48088
1.703851
1.891332
1.514044
1.344861
1.779386
1.31631
1.250127
1.746124
1.422677
1.806766
1.559872
1.230987
1.122273
1.863711
1.428601
1.560672
1.678504
1.478915
1.148485
1.525839
1.880033
1.703027
1.257714
1.897587
1.600124
1.996702
1.338494
1.476636
1.563074
1.841941
1.502966
1.589112
2.14836
1.727802
1.310004
1.365359
1.181234
1.617629
1.341242
1.490873
1.673635
1.297554
1.559153
1.75003
1.482854
1.345412
1.484879
1.190498
1.108091
1.694238
1.453432
1.2348
1.530737
1.626466
1.494615
1.235242
1.371201
1.752537
1.479543
1.585331
1.719378
1.708819
1.362247
1.777718
1.591982
1.726262
1.666731
1.443416
1.27963
1.475942
1.587677
1.138945
1.47958
1.806553
1.979796
1.371274
1.677789
1.926335
1.984533
1.683269
1.607404
1.376014
2.176311
1.542436
1.273553
1.503087
1.48261
1.229925
1.408754
1.103849
1.508705
1.497207
1.351307
1.28136
1.271336
1.582214
1.577813
1.619312
1.624051
1.287013
2.032763
1.13238
1.561837
1.6516
1.38863
1.105177
1.553058
1.822418
1.760327
0.9805907
1.509615
1.869187
1.234803
1.614164
1.757004
1.776994
1.658611
1.189468
1.062378
1.714397
1.22602
1.230599
1.499984
2.009315
1.353298
1.368022
1.221999
1.771356
2.232905
1.475219
1.701741
1.569364
1.679982
1.47525
1.257587
1.441352
1.408287
1.676931
1.443246
1.201492
1.236845
1.255733
1.703841
1.563335
1.321788
1.379688
1.69302
1.604409
1.32542
1.522425
1.443043
1.528549
1.220972
1.44178
2.044585
1.410069
1.544366
1.614404
1.891592
1.684621
1.395951
1.358145
1.598449
1.767111
1.745955
1.4535
1.076143
1.137044
1.352823
1.601268
1.091782
1.31324
1.534392
1.624202
1.205938
1.447335
1.445584
1.411882
2.053658
1.593606
1.204647
1.207462
1.296567
1.465382
1.779499
2.032241
1.747698
1.817029
1.635497
1.477569
1.6695
1.484924
1.619389
1.66345
1.368758
1.362758
1.873521
1.258313
1.541582
0.8977038
1.63278
1.688097
1.09089
1.496421
1.141128
1.469649
1.368169
1.285964
1.557662
1.741494
1.818731
1.369967
1.487245
1.593316
1.706117
1.377689
1.503108
1.834617
1.516429
1.794658
1.44767
1.149529
1.631744
1.048319
1.385537
1.796399
1.194164
1.133182
1.971399
1.070317
1.403753
1.278401
1.43189
1.687186
1.306388
1.621358
1.318536
1.866112
1.817644
1.461706
1.309511
1.858573
1.181542
1.634446
1.174727
1.889217
1.502936
1.674111
1.446568
1.313366
1.353216
1.540843
1.494052
1.454906
1.988605
1.762772
1.455957
1.416623
1.583011
1.452989
1.7552
1.464435
1.154718
1.686897
1.536557
1.36113
1.441634
1.522451
1.718157
1.16541
1.598824
1.623965
1.435525
1.621884
1.790789
1.602451
1.094248
1.639032
1.697609
1.249748
1.967957
1.41245
1.472501
1.467284
1.461392
1.748498
1.51644
1.559848
1.588727
1.478468
1.49415
1.481939
1.199297
1.185565
1.369291
1.447045
1.104471
1.49937
1.405029
1.466125
1.566828
1.175015
1.508299
1.959551
1.890385
1.827395
1.335787
1.550617
1.689804
1.565144
1.319889
1.545124
1.707415
1.336569
1.497152
1.309973
2.145156
1.196154
1.288766
1.789579
1.626659
1.564554
1.517581
1.541796
1.266457
1.144708
1.696787
1.61397
1.931255
1.948711
1.515032
1.614512
1.797069
2.727657
1.677685
1.323294
1.862904
1.777725
2.040469
1.231109
1.602012
1.660033
1.361153
1.343002
1.099857
1.327587
1.358801
1.445387
1.283514
1.892869
1.503085
1.402439
1.319514
1.461589
2.014476
1.240775
1.490465
1.587359
1.620642
1.655703
2.092198
1.643384
1.790146
1.560793
1.268843
1.771987
1.352538
1.602731
1.442548
1.193922
1.46781
1.568471
1.569152
1.435321
2.038901
1.631479
1.376028
1.907676
1.526252
1.904866
1.621128
1.444406
1.463685
1.265994
1.468332
1.873662
1.712896
1.204436
1.559361
1.267109
1.361869
1.896341
1.641254
1.682524
1.30607
1.658212
1.752986
1.690661
1.246588
1.50603
1.686885
1.43806
1.864716
1.805838
1.453472
1.047661
2.016983
1.40952
1.811272
1.66534
1.816939
1.327565
1.199012
1.088593
1.208464
1.357808
1.865418
1.737001
1.201426
1.22759
1.634876
1.485865
1.187409
1.696202
1.600467
1.223164
1.313358
1.268467
1.846649
1.456705
1.631945
1.587955
1.309501
1.349183
1.390406
1.12961
1.514045
1.548508
1.428843
1.900411
1.818621
1.99467
1.405221
1.565954
1.198629
1.636683
1.121171
1.357803
1.612013
1.636206
1.219794
1.080849
1.640366
1.453866
1.53461
1.777388
1.74844
2.078637
1.116694
1.718068
1.931623
1.664473
1.590616
1.55235
1.532422
1.506014
1.410322
1.124891
1.268115
1.919884
1.211009
1.583273
1.446031
1.308941
1.631765
1.44614
1.775065
1.341196
1.525185
1.260158
1.335759
1.695067
1.601224
2.222574
1.326304
1.490621
1.398479
1.663511
1.477224
1.37101
1.753477
1.269839
1.078806
2.042791
1.148461
1.453653
1.601731
1.092895
1.731923
1.505951
2.56425
1.37124
1.41797
1.425509
1.229511
1.409659
1.657304
1.389581
1.337838
1.774081
1.367702
1.929292
1.318236
1.646648
1.753943
1.097021
1.103006
1.516644
1.741506
1.33209
1.4001
1.582962
1.306373
1.635476
1.24624
1.391846
1.457414
1.396509
1.835901
1.562771
1.237942
1.439962
1.491034
1.269753
1.786197
1.466436
1.402983
1.610183
1.44156
1.640127
1.847171
1.543517
1.871915
1.208972
1.641224
1.610964
1.528099
1.701342
1.368592
1.746175
2.253675
2.351401
1.61022
1.209286
1.653447
1.465583
1.615558
1.603484
1.190353
1.268539
1.571824
1.809615
1.549772
1.333745
1.193088
1.123585
1.572463
1.182431
1.311217
1.616346
1.745738
1.468975
1.125711
1.542457
1.700637
1.411305
1.970068
1.675082
1.611245
1.198724
1.039234
1.59656
1.409838
1.254726
1.799972
2.001278
1.345876
1.366516
1.366942
1.542644
2.062959
1.7101
1.366334
1.671894
1.420708
1.551688
1.613366
1.826062
1.475111
1.568016
1.417307
1.500131
1.645796
1.416615
1.474558
1.545715
1.539512
2.06375
1.68129
1.562566
1.560567
1.451017
1.386472
1.646783
1.330569
1.203779
1.210393
1.81595
1.351501
1.632292
1.031093
1.647464
1.615934
1.374731
1.309862
1.442223
1.587464
1.813043
1.443421
1.75102
2.061371
1.677077
1.014663
1.605242
1.199136
1.398634
1.957906
1.338448
1.631552
1.383955
1.432823
1.516431
1.174704
1.399099
1.762196
1.319921
1.683708
1.192893
1.228503
1.587172
1.202827
1.871337
2.323504
1.411337
2.081054
1.506899
1.153496
1.384743
1.743356
1.881078
1.337974
1.156825
1.457231
1.746278
1.281954
1.287462
1.399506
1.717008
1.723471
1.695568
1.658711
1.592771
1.392292
1.571393
1.662947
1.684553
2.041098
1.567632
1.537537
2.036449
1.389869
1.376972
1.498879
1.751358
1.474301
1.273744
1.692617
1.501428
1.463107
1.839847
1.672999
1.482338
2.285888
1.529337
1.651573
2.038313
1.641384
1.363954
1.682097
1.640811
1.725542
1.763644
1.272854
1.308176
1.447897
1.977419
1.543627
1.476491
1.586153
1.508408
1.45209
2.393668
1.296818
1.798467
1.767998
1.931379
1.828334
1.583712
1.684567
1.741063
2.337949
2.021422
1.047516
1.907758
1.554069
1.552442
1.962347
1.755744
1.330011
2.009099
1.510888
1.361898
1.493159
1.437005
1.477988
1.296775
1.791912
1.254018
1.586224
1.183249
1.35818
1.91435
1.563875
1.28568
1.825661
1.318498
1.536296
1.654196
1.445585
1.906653
1.504901
1.583977
1.477664
1.350018
1.819352
1.6698
1.774211
1.578042
1.374939
1.679552
1.500412
1.29721
2.545461
1.537213
2.050317
1.254421
1.438151
1.657392
1.751184
1.386866
1.790004
1.901744
2.092602
1.841098
1.698672
1.763217
1.612006
2.108239
1.649792
1.659471
1.62005
1.572542
1.191363
1.482133
1.370501
1.079418
1.212212
1.61666
1.516761
1.198157
1.871991
1.53275
1.251188
1.627135
1.462639
1.681012
1.498861
1.49707
1.289557
1.770054
1.453491
1.577365
1.989183
1.360344
1.335817
1.681045
1.298376
1.676184
1.602164
1.604014
1.576683
1.566202
1.513798
1.619454
1.747633
1.905519
1.878231
1.699137
1.40103
2.066929
1.419146
1.499923
2.048982
1.425508
1.736231
1.410499
1.22941
1.536776
1.477979
1.365908
1.505232
1.371443
1.503744
1.298058
1.670559
1.439245
1.437075
1.620655
1.379245
1.146883
1.50684
1.597252
1.425223
0.9900445
1.446047
1.753394
1.614964
1.311933
1.280373
1.452707
1.144181
1.188807
1.318154
1.756162
1.764173
1.47546
1.682133
1.41585
1.592094
1.338339
1.872617
1.993163
1.189323
1.566765
1.540373
1.303574
1.408739
1.121805
1.3484
1.380779
1.321811
1.446569
1.453633
1.693285
1.483371
1.140968
1.272219
1.80597
