9.534605
9.497571
9.545543
9.560284
9.505196
9.542395
9.531141
9.557321
9.598498
9.469335
9.529862
9.549714
9.576014
9.624818
9.580875
9.543594
9.600917
9.497671
9.563736
9.575749
9.575652
9.600225
9.544066
9.583405
9.561849
9.576876
9.62586
9.58124
9.591834
9.50151
9.609728
9.562034
9.509592
9.588721
9.510639
9.537096
9.520641
9.572084
9.557562
9.575119
9.560072
9.586436
9.550991
9.54094
9.555646
9.59043
9.550373
9.597044
9.542473
9.552593
9.539814
9.544379
9.499638
9.479559
9.549157
9.579624
9.597218
9.572491
9.633666
9.590555
9.582185
9.546727
9.525082
9.506217
9.520418
9.520024
9.570145
9.577684
9.54346
9.509627
9.554257
9.512766
9.565433
9.575615
9.597802
9.487945
9.545599
9.622251
9.618758
9.613171
9.5118
9.563421
9.548721
9.628648
9.564805
9.594783
9.602852
9.57311
9.589277
9.531543
9.53778
9.522968
9.511392
9.582562
9.522478
9.566469
9.570414
9.583063
9.526625
9.56119
9.491008
9.552001
9.580029
9.568781
9.542379
9.57388
9.583432
9.533921
9.538054
9.480509
9.543214
9.468143
9.49579
9.514275
9.543711
9.547797
9.56259
9.558034
9.516221
9.594592
9.526465
9.579505
9.592429
9.518603
9.55634
9.56565
9.623332
9.548955
9.612517
9.565362
9.570103
9.553199
9.525433
9.553101
9.59633
9.533967
9.482472
9.474822
9.559474
9.505509
9.560517
9.592569
9.531775
9.53588
9.540181
9.518957
9.593255
9.654175
9.603467
9.492134
9.483637
9.48972
9.554883
9.584432
9.634761
9.579377
9.560799
9.5434
9.559516
9.566514
9.479149
9.540042
9.513655
9.57106
9.50856
9.516292
9.585271
9.551762
9.566434
9.551029
9.576221
9.591265
9.543582
9.479525
9.469535
9.578029
9.569941
9.553764
9.536376
9.540261
9.584575
9.600982
9.586341
9.545325
9.531333
9.49702
9.548347
9.557885
9.553412
9.553315
9.533062
9.572586
9.600646
9.561681
9.53909
9.485036
9.582233
9.541594
9.515465
9.565213
9.515736
9.577576
9.571147
9.528408
9.58849
9.5568
9.564089
9.521639
9.535258
9.684466
9.53121
9.605645
9.591371
9.544176
9.518928
9.538046
9.605017
9.546846
9.519537
9.527477
9.54342
9.547022
9.533861
9.566851
9.575927
9.58034
9.536311
9.538158
9.582116
9.566227
9.512702
9.601913
9.580893
9.541104
9.551717
9.594274
9.546697
9.578427
9.495678
9.544221
9.556594
9.495906
9.537034
9.507346
9.575449
9.504736
9.52066
9.581607
9.567611
9.585683
9.533737
9.551646
9.57049
9.554339
9.541645
9.556113
9.513793
9.585722
9.583152
9.563891
9.564356
9.606825
9.553473
9.536917
9.566936
9.512136
9.556125
9.562414
9.562291
9.521425
9.497076
9.597897
9.549172
9.597661
9.567646
9.609621
9.499458
9.537898
9.56704
9.538818
9.569507
9.530642
9.523333
9.514055
9.524559
9.6145
9.586351
9.612163
9.596544
9.578044
9.57257
9.585092
9.607278
9.53528
9.490131
9.588083
9.502146
9.595418
9.569263
9.535124
9.574136
9.608324
9.571691
9.489714
9.58215
9.619762
9.560444
9.557682
9.527593
9.561105
9.509867
9.520166
9.568664
9.606734
9.545625
9.590767
9.504159
9.525517
9.659551
9.519695
9.57085
9.527238
9.618172
9.573206
9.578087
9.512043
9.576737
9.596075
9.572256
9.581973
9.564879
9.467137
9.501631
9.509496
9.548288
9.537728
9.546178
9.626761
9.512592
9.587194
9.531986
9.522653
9.570227
9.589332
9.506557
9.550037
9.602153
9.513783
9.515154
9.586448
9.548216
9.546051
9.49473
9.574929
9.564612
9.53424
9.565023
9.579094
9.599269
9.53889
9.542144
9.573255
9.566889
9.520146
9.473645
9.609837
9.563472
9.563755
9.5815
9.587684
9.548856
9.60681
9.576301
9.558783
9.521823
9.548215
9.529011
9.539421
9.544814
9.56641
9.544424
9.557952
9.545181
9.575275
9.587616
9.534184
9.520165
9.562977
9.569863
9.480542
9.550491
9.616926
9.539082
9.528494
9.483547
9.552916
9.644519
9.578058
9.575943
9.561567
9.58938
9.575406
9.561375
9.634386
9.560311
9.61403
9.532055
9.58231
9.574103
9.578592
9.507949
9.590304
9.589546
9.548163
9.49255
9.560031
9.53259
9.54285
9.601194
9.540849
9.583194
9.48615
9.536057
9.598302
9.52739
9.565471
9.583987
9.518016
9.543481
9.582948
9.596909
9.547814
9.592172
9.592075
9.602665
9.520525
9.603245
9.563178
9.593835
9.555137
9.579098
9.591181
9.55397
9.569529
9.538374
9.560849
9.455167
9.475997
9.498917
9.566002
9.531538
9.534515
9.62137
9.554004
9.527433
9.575822
9.56692
9.517784
9.568886
9.513633
9.561686
9.624238
9.617596
9.552565
9.619879
9.561197
9.545331
9.551353
9.562761
9.538466
9.542938
9.500931
9.557928
9.561335
9.564182
9.556385
9.605545
9.516757
9.535394
9.521941
9.534526
9.573318
9.619376
9.566446
9.592051
9.599717
9.592425
9.535703
9.547312
9.551795
9.592928
9.590434
9.547327
9.484607
9.579585
9.484966
9.612298
9.526137
9.599112
9.566043
9.569011
9.585034
9.571584
9.608877
9.570354
9.554422
9.603463
9.62169
9.621046
9.45806
9.612086
9.607321
9.640169
9.569646
9.568268
9.568995
9.564762
9.610698
9.592834
9.552461
9.573181
9.572066
9.574043
9.600354
9.55966
9.607879
9.545236
9.620107
9.56135
9.53963
9.524687
9.538395
9.597341
9.491921
9.592554
9.565658
9.597226
9.619192
9.600975
9.562988
9.607315
9.531401
9.537683
9.534876
9.57739
9.57375
9.605949
9.601019
9.496825
9.61578
9.560837
9.524373
9.593164
9.589398
9.549964
9.583847
9.535028
9.589649
9.568055
9.561392
9.614755
9.524089
9.557993
9.608064
9.535011
9.566117
9.516216
9.556501
9.553678
9.592918
9.58962
9.580934
9.450262
9.545906
9.568991
9.659456
9.582505
9.535304
9.50238
9.55949
9.624466
9.537624
9.584599
9.587781
9.542692
9.515552
9.564188
9.53573
9.601767
9.523337
9.543329
9.524628
9.558022
9.535204
9.563198
9.596455
9.577407
9.551661
9.602121
9.584558
9.561576
9.562361
9.55643
9.613689
9.618002
9.510216
9.559403
9.568823
9.532204
9.570261
9.574278
9.516389
9.571662
9.588937
9.533829
9.602243
9.551849
9.564996
9.547252
9.606473
9.530285
9.573223
9.548997
9.568953
9.609861
9.505272
9.546731
9.546192
9.475135
9.597772
9.542554
9.530179
9.559137
9.565864
9.560111
9.540415
9.572969
9.510751
9.543663
9.545558
9.58972
9.598954
9.552275
9.567769
9.530429
9.625088
9.612794
9.601337
9.609108
9.619944
9.548919
9.527415
9.51114
9.585364
9.535299
9.588401
9.544115
9.534155
9.583486
9.561315
9.627835
9.515552
9.536872
9.516139
9.567919
9.596124
9.547665
9.54017
9.519189
9.570565
9.503867
9.516341
9.568687
9.544169
9.557832
9.544121
9.536678
9.54617
9.520712
9.585622
9.536419
9.606747
9.579319
9.553779
9.620669
9.552016
9.610392
9.550612
9.496968
9.540728
9.538363
9.553959
9.595807
9.547233
9.488938
9.480141
9.52837
9.576512
9.503077
9.535469
9.549432
9.596222
9.553835
9.544746
9.566369
9.6018
9.596929
9.598366
9.579638
9.543848
9.556676
9.4906
9.513893
9.603587
9.56686
9.565742
9.550193
9.564388
9.57121
9.518102
9.613248
9.56234
9.55863
9.542311
9.538534
9.534174
9.563046
9.528336
9.530366
9.572944
9.574144
9.513383
9.515029
9.531498
9.571929
9.532724
9.59696
9.474836
9.560075
9.556945
9.549868
9.527646
9.57755
9.520471
9.559425
9.50857
9.573867
9.546236
9.519976
9.571089
9.607869
9.551985
9.56651
9.5494
9.533268
9.539872
9.5034
9.523331
9.581794
9.548377
9.567789
9.591232
9.523328
9.466184
9.559057
9.52389
9.507144
9.557947
9.593378
9.533174
9.50454
9.535179
9.509383
9.558012
9.60503
9.607871
9.550882
9.557393
9.565841
9.538486
9.595413
9.607711
9.562527
9.559828
9.58028
9.472041
9.476019
9.562793
9.559305
9.591076
9.490455
9.539405
9.632711
9.525841
9.491253
9.592149
9.48905
9.62531
9.59743
9.500898
9.525439
9.549497
9.563748
9.592
9.542555
9.555809
9.564441
9.609066
9.501186
9.553799
9.488773
9.501917
9.549409
9.575745
9.549808
9.549018
9.548123
9.540799
9.558538
9.529366
9.55273
9.582219
9.593718
9.599207
9.577242
9.563129
9.567173
9.514555
9.546025
9.53125
9.465014
9.555656
9.55335
9.491905
9.548458
9.527511
9.532468
9.548417
9.541072
9.533756
9.516455
9.531735
9.590658
9.583728
9.549239
9.563344
9.52702
9.579279
9.601574
9.61253
9.588275
9.582144
9.54253
9.538132
9.540404
9.503041
9.595174
9.498074
9.562499
9.520385
9.559957
9.617622
9.552023
9.56088
9.456661
9.574756
9.497892
9.547937
9.599093
9.570911
9.514909
9.448576
9.568379
9.573509
9.526943
9.521137
9.536734
9.615184
9.542359
9.571703
9.530653
9.536992
9.618928
9.532931
9.523572
9.605983
9.545178
9.589433
9.583676
9.563096
9.667294
9.536307
9.612102
9.551119
9.58885
9.562539
9.539784
9.585415
9.479682
9.578079
9.585173
9.535647
9.528484
9.530406
9.544401
9.579088
9.53102
9.55196
9.514807
9.568426
9.589074
9.60383
9.505661
9.496805
9.542983
9.549695
9.592491
9.559011
9.601778
9.539692
9.500041
9.49871
9.605435
9.573355
9.591285
9.551364
9.563021
9.541379
9.585549
9.567409
9.555626
9.584206
9.563948
9.482829
9.5468
9.47007
9.594941
9.544883
9.499169
9.552444
9.532356
9.58003
9.542055
9.531922
9.55338
9.528212
9.523491
9.559111
9.497709
9.580293
9.560359
9.582427
9.553695
9.549419
9.507947
9.574486
9.572372
9.502233
9.555672
9.500975
9.516825
9.617843
9.54149
9.545131
9.559929
9.546499
9.543105
9.529663
9.656805
9.554051
9.498363
9.517792
9.553861
9.516268
9.574657
9.579096
9.53179
9.522793
9.569575
9.572085
9.584059
9.597652
9.518984
9.548577
9.458235
9.524465
9.498033
9.562014
9.549895
9.625935
9.597489
9.559368
9.574414
9.544843
9.577157
9.614093
9.626595
9.538135
9.578847
9.599576
9.611397
9.536282
9.569457
9.605059
9.517644
9.512403
9.54343
9.565266
9.574949
9.537924
9.524869
9.616174
9.601582
9.550861
9.541106
9.561619
9.530729
9.557152
9.564547
9.577041
9.605633
9.503902
9.547181
9.569563
9.548478
9.592104
9.529558
9.51733
9.608788
9.593307
9.515416
9.530682
9.543252
9.617115
9.571912
9.529701
9.583173
9.565535
9.560669
9.589351
9.514279
9.507075
9.534954
9.577515
9.510952
9.53645
9.592493
9.584223
9.609179
9.611225
9.574708
9.534459
9.518703
9.626725
9.492638
9.555216
9.525537
9.538263
9.561564
9.510834
9.63674
9.557084
9.501924
9.580726
9.539922
9.48264
9.592497
9.641076
9.562319
9.511522
9.559463
9.500833
9.540732
9.598495
9.597266
9.527795
9.517209
9.58587
9.558932
9.554461
9.619884
9.51721
9.544275
9.58958
9.496443
9.563501
9.568376
9.537895
9.538024
9.58633
9.522858
9.531617
9.595437
9.617384
9.587078
9.590666
9.529517
9.561927
9.52166
9.52214
9.561474
9.532874
9.552644
9.596523
9.592743
9.499913
9.534336
9.514404
9.622172
9.530774
9.608759
9.566841
9.533904
9.533348
9.564505
9.575925
9.454534
9.546252
9.547559
9.595975
9.518756
9.524387
9.521042
9.536828
9.558156
9.615634
9.514308
9.548345
9.530272
9.495076
9.569451
9.593715
9.605169
9.558698
9.587084
9.523635
9.560241
9.602834
9.548064
9.595013
9.58757
9.504273
9.585788
9.501051
9.466428
9.60099
9.571365
9.498469
9.56449
9.56408
9.56393
9.575905
9.553044
9.548758
9.598614
9.526318
9.520063
9.563335
9.547351
9.597287
9.570546
9.565686
9.615972
9.585817
9.580531
9.584344
9.589355
9.566063
9.641994
9.586838
9.615336
9.540952
9.560042
9.519131
9.523535
9.539459
9.574652
9.608918
9.55307
9.544576
9.597034
9.556442
9.535875
9.549329
9.549275
9.596722
9.564379
9.572035
9.565408
9.517332
9.562796
9.591382
9.572998
9.591983
9.47746
9.547203
9.508612
9.488341
9.540623
9.56961
