1.294452
1.191344
0.9986873
1.032071
1.069034
1.041024
0.8448771
1.099178
1.035526
0.9794546
1.05139
0.9549318
0.7975987
0.9124702
1.141626
1.255333
1.084103
1.171336
1.178161
1.223724
0.9547132
0.9335545
0.891829
0.9520202
0.9676958
1.242871
1.190347
1.150446
0.9216595
1.038142
1.225372
1.217888
1.353445
1.545134
1.408218
1.463952
1.341891
1.453671
1.509
1.56378
1.202561
1.020862
1.267841
1.124865
1.247175
1.034739
0.9773356
1.001384
1.090833
1.312412
1.26776
1.015259
1.07476
0.9902442
0.9172327
0.9230422
1.088482
1.196899
1.238423
1.049292
0.9571156
1.072703
1.03907
1.071373
0.9464822
0.9474896
1.095633
0.9996345
1.090787
1.128302
1.162737
1.191123
1.043814
1.018087
1.049155
1.154725
1.215129
0.976561
0.9112182
1.060969
1.344706
1.285591
1.345598
1.451
1.429034
1.644708
1.32986
1.179099
1.243766
1.271466
1.084235
1.308086
1.171546
1.147974
1.306099
1.33404
1.018843
0.9841734
0.8860529
0.8861851
1.100064
1.153006
1.119845
1.019342
1.199244
1.150888
1.206347
1.338625
1.287851
1.14197
1.329177
1.105382
1.220667
1.320314
0.8785277
0.8373522
0.9094406
0.9582826
0.9196047
0.9303707
0.8170145
0.8524382
0.783517
0.8541465
1.035026
1.063211
1.151343
1.123909
1.018853
1.273231
1.086504
1.185377
1.18114
1.153456
1.183057
1.159607
1.223544
1.040263
0.8613841
1.068774
0.9774309
1.132033
1.308931
1.160026
1.119337
1.136281
1.186669
1.235031
1.191602
1.542068
1.106213
1.345555
1.466411
1.275934
1.076356
1.079033
0.9591022
0.9748488
0.9409697
1.147419
1.099445
1.012997
1.000712
1.155887
1.102331
1.232371
1.157724
1.212429
1.265695
1.333476
1.27991
1.126974
1.365976
1.736186
1.300611
1.198442
1.232891
1.192166
1.041504
1.096665
1.180638
1.139925
1.30745
1.299405
1.255575
0.9718738
1.22925
0.9658614
1.204413
1.036613
1.232333
1.191248
1.534642
1.433835
1.354397
1.295348
1.050857
1.048899
1.162258
1.250196
1.053607
0.9505105
1.227409
1.322909
1.301094
1.177097
1.219359
1.383126
1.118001
0.9944094
1.199315
1.364883
1.482791
1.30506
1.13438
1.138703
1.115684
1.141205
0.99174
0.8584189
0.9972194
0.9605593
1.066161
1.117531
1.194108
1.241749
1.081283
1.028931
1.022286
1.143389
1.046903
0.9129824
0.9173641
0.8892667
1.045425
1.148052
1.287131
1.134465
1.192413
1.017044
1.357764
1.290702
1.218111
1.482869
1.26589
1.149876
1.12933
1.111678
1.305417
1.445544
1.293673
1.274248
1.49916
1.224891
1.315915
1.288718
1.301852
1.319751
1.215283
1.305327
1.17182
1.302764
1.059337
1.14924
1.108726
1.096212
1.042656
0.8044274
0.9470308
1.056889
1.143668
1.228126
1.213343
1.180195
1.221795
1.274861
1.17476
0.9169281
0.9708382
1.228012
1.245714
1.284459
1.045545
1.14438
1.247524
1.18752
1.00722
0.9083061
0.7634544
0.8425918
0.8426473
0.8800727
1.046001
1.070147
1.322529
1.085969
0.9897536
0.8734182
1.014809
1.231224
1.131283
1.025097
1.098949
1.122375
1.192305
1.230696
1.281918
1.109228
1.104657
1.095986
0.8955702
1.087306
1.041517
0.9947977
1.043282
1.309119
1.157389
1.161881
1.141568
1.012447
0.9982627
1.015105
1.352906
1.302819
1.108102
1.166894
1.257268
1.309327
1.155513
1.242526
1.252652
1.322973
1.19712
1.059485
0.8729009
0.9143195
1.03551
1.023521
1.102698
1.30818
1.180076
1.307533
1.270219
1.355491
1.399487
1.633846
1.144136
1.119239
1.158961
1.342091
1.274707
1.033709
0.9846157
1.08784
1.393235
1.299626
1.501107
1.496691
1.326798
1.405474
1.294152
1.223313
1.145385
1.261643
1.265315
1.229058
1.042553
0.8322655
0.8535053
0.7811668
0.9424107
0.9024069
0.8285429
0.9707971
1.172136
1.230982
1.23431
1.375233
1.52986
1.404041
1.449035
1.288689
1.256018
1.357843
1.139078
1.31992
1.18145
1.118856
1.26318
1.134211
1.077289
1.146248
1.107867
1.00921
0.873816
0.8780538
0.7115489
0.8285206
0.771886
0.9240202
1.000895
0.9469544
0.8759568
0.9362651
0.9263337
1.000979
0.9537527
1.052753
1.089627
0.9796152
1.114267
1.037221
1.321878
1.261395
1.564231
1.12102
1.136117
1.014514
1.106383
1.481234
1.287737
1.660579
1.63366
1.686414
1.716771
1.366986
1.3966
1.45732
1.457742
1.126971
0.9805689
1.215318
1.17106
1.017078
0.9413357
0.9097871
0.8402334
0.9908894
1.199264
1.228524
1.501105
1.331856
1.005049
0.8446067
1.07895
1.079423
1.162319
1.220538
1.278769
1.323506
1.33103
1.373371
1.533
1.362002
1.079745
0.9985684
1.022872
1.118932
1.01113
1.093971
1.002904
1.20293
1.090553
1.075624
1.18234
1.132945
1.081766
0.9582995
0.8643895
0.7596173
0.7380746
0.9110427
0.9817179
1.165917
1.324467
1.291086
1.115745
1.12996
1.235864
1.311975
1.520242
1.339141
1.279843
1.283459
1.201952
1.117637
1.234018
1.430296
1.243994
1.26732
1.335931
1.289709
1.255801
1.144725
1.195157
1.076608
1.197407
1.004156
0.9589865
0.9045079
1.08652
1.034918
1.264902
1.21236
1.152815
0.827549
0.8162958
0.9224233
0.8644269
0.8680541
0.9494523
0.7553045
0.9042833
1.146061
1.425635
1.536239
1.47269
1.560998
1.344151
1.553703
1.605179
1.435623
1.261988
1.251654
1.285234
1.18413
1.426355
1.344009
1.073396
1.125292
1.106402
0.9652679
0.792055
0.8623777
0.864349
0.9377688
0.8506153
0.797583
0.9044387
0.7461874
0.8344481
0.8407287
0.845944
0.801683
0.7916384
0.6571495
0.8014802
0.8060004
0.8138206
0.8308739
0.7493702
0.9623203
0.8095403
0.900398
0.8195379
0.86798
1.22674
1.119707
0.9356711
0.9646454
0.9769523
1.150313
1.204321
1.29938
1.194119
0.9226829
0.8370235
0.8100656
0.9068635
0.8211913
0.7858213
0.8138557
0.8496792
1.14756
1.118841
0.8790906
0.8224117
0.9391862
0.9699758
0.85688
0.7671414
0.7627702
0.7458892
0.7483357
0.7890743
0.9360636
1.037042
0.8808919
0.9227554
0.9059573
1.053937
0.9682381
1.185006
1.201663
1.403999
1.423684
1.333348
1.273022
1.167346
1.047509
0.9292196
0.8359023
0.9555298
1.011759
1.014129
1.268778
1.238821
1.427792
1.405594
1.612611
1.318795
1.419338
1.605708
1.607636
1.260323
1.060882
1.167936
1.306092
1.257687
1.129882
1.035634
1.069551
0.9440115
1.243236
1.231538
1.424389
1.648198
1.783247
1.730552
1.494667
1.538653
1.660002
1.65227
1.560149
1.388414
1.291832
1.22347
1.277309
1.259892
1.352819
1.184951
1.399341
1.338825
1.320235
1.520261
1.327661
0.9445416
0.9618856
0.8363212
0.8553423
1.024239
0.9156838
1.024753
1.054129
1.029844
1.026902
1.094411
0.9161997
0.8727884
0.9939703
0.7752223
0.7135984
0.9115998
1.048973
1.222519
1.487802
1.341975
1.323504
1.343654
1.27311
1.261385
1.406952
1.353736
1.235557
1.331511
1.194521
1.04193
0.8854254
0.8864583
0.9880835
1.121805
0.8664645
0.7404383
0.7587457
0.7016933
0.9479634
0.9130443
0.9126768
0.9299739
1.169104
1.225353
1.390985
1.266021
1.451596
1.385522
1.271119
1.279833
1.311091
1.253687
1.031399
1.147966
1.301541
1.099233
0.9060178
0.8094193
0.7475551
0.7805284
0.9122904
0.8747444
1.070982
1.094929
1.162063
1.002739
1.015932
1.156255
1.074039
0.9211868
0.9298637
1.13508
1.006322
0.8463454
0.9141368
0.8062205
0.9448489
1.10269
1.483302
1.152413
1.270792
1.424192
1.521915
1.21652
1.372732
1.195208
0.8986524
0.9753919
1.199339
1.364214
1.160299
1.085636
1.078442
1.148736
1.379653
1.594567
1.284419
1.257971
1.622357
1.617272
1.429747
1.501136
1.528071
1.615874
1.429658
1.47344
1.692211
1.439043
1.095607
0.9030596
0.9311479
0.8604666
0.878659
1.131214
1.054054
1.049545
1.141229
0.8750318
0.9432396
0.9365107
0.8246665
0.9810132
0.9235627
1.032384
0.9285439
1.129099
1.045866
0.99055
1.322943
1.372474
1.486834
1.091208
1.249323
1.218012
1.428501
1.310526
1.273912
1.250847
1.142911
1.291661
1.160952
1.156426
1.2178
0.9847465
1.249618
1.306443
1.391958
1.120142
1.517348
1.416689
1.795737
1.539955
1.129693
1.011975
0.9246279
1.132169
1.063233
1.075926
1.077479
1.136165
1.203632
1.18338
0.9441587
1.11489
1.019751
1.234484
1.006756
1.169866
0.8586861
0.9336861
1.055793
0.9926828
1.069342
0.9819612
0.9634992
1.010987
1.060501
0.9604789
1.024218
0.9026056
0.8694057
0.8474353
0.9281639
0.7428917
1.185002
1.295134
1.401009
1.251662
1.484832
1.687444
1.58466
1.555437
1.795018
1.39875
1.469181
1.318483
1.107034
1.198091
1.035247
1.125968
1.257637
1.204447
1.098047
1.087551
1.21951
1.197668
1.396396
1.333803
1.13471
1.085039
1.276301
0.9311256
1.094287
1.202855
1.34582
1.388908
1.423414
1.453408
1.476449
1.680731
1.375951
1.393027
1.459374
1.529515
1.391065
1.392998
1.298332
1.109401
1.288855
1.421463
1.248274
1.407098
1.14281
1.222015
1.320496
1.230167
1.171143
1.155779
1.245682
1.123221
0.9754098
1.077222
1.125623
1.38338
1.24512
1.160533
0.9411128
1.155311
1.194794
1.133435
1.222528
1.269514
1.060804
1.073097
1.181737
1.132201
1.182942
1.412287
1.221834
1.001242
1.255892
1.08667
0.9393583
1.030512
1.025963
1.14991
1.08752
0.9881943
1.155737
0.8988915
1.153829
0.9932539
1.311024
1.319848
1.005912
1.229373
1.246229
1.23326
1.210744
1.163632
1.211754
1.147533
1.060816
1.284014
1.162031
1.015555
1.06614
1.359882
1.416538
1.307794
1.539646
1.033128
1.279578
1.158594
1.113247
1.316888
1.311868
1.483177
1.657623
1.283231
1.241578
1.048293
1.136498
0.9239091
0.8441202
1.057495
0.9094775
1.026617
1.175965
1.027649
1.043268
1.006921
1.22658
1.009674
0.9576577
1.094493
1.026171
0.7924449
1.045778
1.100362
0.948975
1.030246
1.200682
1.139002
1.25082
1.254616
1.188572
1.008193
0.9802537
1.001776
1.038897
0.9493943
1.040862
1.081905
1.040573
1.284814
0.9782485
1.169933
1.154628
1.285669
1.321878
1.111739
1.10469
1.11892
0.9577991
1.030019
1.258254
1.095107
0.9327113
0.7907866
0.8638063
1.047816
0.9895679
1.056903
0.9401608
0.9017446
0.8369942
0.8948222
0.9332929
1.002314
0.9986529
1.193565
1.125932
1.040625
1.316242
1.335423
1.090506
1.104281
1.095822
0.9914581
0.9103549
1.025862
1.19634
1.243225
1.295004
1.287889
1.451585
1.374073
1.296184
1.324371
1.252429
1.313802
1.079134
1.306173
1.161505
1.072845
1.150904
1.100043
1.342029
1.299503
1.126258
1.246724
1.444383
1.316243
1.435595
1.554916
1.323286
1.107692
1.274211
1.050118
0.7821418
0.7758438
0.7448866
0.7243247
0.8232412
0.7595705
0.9485725
1.046256
0.9907396
0.7777283
0.9515109
1.091397
1.203495
0.8618564
1.135406
1.14965
1.245527
0.921052
0.9843938
1.269245
1.180666
1.099671
1.352134
1.625956
1.506703
1.425192
1.435444
1.239164
1.028383
0.9380043
0.9106704
0.9184664
0.969899
1.040505
1.103837
1.166613
1.180637
1.513195
2.165717
1.799596
1.359892
1.514589
1.404142
1.328081
1.189039
0.9626272
0.8819558
1.070861
0.9860666
1.254857
1.215965
1.474506
1.349133
1.378959
1.22228
1.078202
1.367659
1.404576
1.087927
0.9027922
0.9040708
0.9024264
1.20419
1.072719
1.216486
0.9984508
0.9833406
0.8828567
1.043026
1.034181
0.913625
0.9097687
0.8102213
0.8618605
0.7727075
0.7178068
0.7425099
0.8567039
0.8997622
1.23963
1.407164
1.23247
1.365051
1.192833
0.9894485
0.9323046
0.9533665
0.7376208
0.8465159
0.627834
0.6173417
0.8487825
0.8803172
0.9055659
0.8281345
0.9858408
1.069993
1.067309
0.8898202
1.152083
1.262124
1.327698
1.418831
1.250466
1.142629
1.203982
1.078571
1.272912
0.9879111
1.04984
1.212865
1.240005
1.287365
1.315858
1.398794
1.212751
1.095179
0.9188815
0.901277
0.8686564
1.030933
1.153424
0.9874137
0.8929568
0.9174272
0.860976
0.7661968
1.096742
1.050578
1.004833
0.922178
1.062654
1.525264
1.25916
1.176127
0.973958
1.117337
1.114686
1.232129
1.306727
1.25279
1.342882
1.567913
1.601744
1.325713
1.239925
1.210204
1.394779
1.427975
1.55192
1.674903
1.636879
1.48862
