9.857972
9.816896
9.679572
9.860808
10.08737
10.2193
10.4626
10.37403
10.39522
10.51669
10.46322
10.49178
10.849
10.73979
10.57889
10.6503
10.46704
10.63497
10.6661
10.56218
10.3574
10.40294
10.28017
9.973424
10.1055
10.23704
10.06865
10.02689
9.975416
10.2029
10.24988
10.46241
10.36371
10.45702
10.36591
10.23025
10.36527
10.31919
10.37695
10.3304
10.24683
10.13807
10.37658
10.323
10.47702
10.59101
10.59884
10.3453
10.53531
10.57361
10.52273
10.25168
10.16532
10.37186
10.31636
10.35348
10.31248
10.34856
10.32365
10.14936
10.27019
10.18845
10.57309
10.61577
10.53256
10.39461
10.26672
10.40067
10.31964
10.4186
10.39661
10.27308
10.29552
10.3889
10.27438
10.12991
10.10981
9.884991
9.774675
9.85039
9.974522
9.937343
9.826233
9.771394
9.726724
9.879472
9.848595
9.63812
9.532675
9.420125
9.413781
9.324962
9.347218
9.4648
9.384457
9.450722
9.281544
9.337934
9.487393
9.605023
9.460703
9.357557
9.265535
9.327259
9.510983
9.417063
9.515993
9.59412
9.497572
9.26864
9.449886
9.567558
9.292418
9.393151
9.591088
9.576508
9.725753
9.71271
9.705889
9.308805
9.531956
9.506803
9.591731
9.456312
9.690275
9.81007
9.950057
10.12566
9.903828
9.813578
9.857735
9.789936
9.847438
9.880342
9.959118
10.21158
10.00561
10.09651
10.31469
10.53563
10.44003
10.59324
10.57487
10.66626
10.66598
10.51575
10.51683
10.68745
10.80835
10.79695
10.71284
10.84427
11.11337
10.97229
10.93846
10.81793
10.7714
10.72348
11.08515
11.05404
11.01815
11.04981
11.02505
11.00655
10.9963
10.80704
10.80138
10.739
10.55524
10.77052
11.01367
10.93948
10.94647
10.78035
10.85716
10.9122
10.86896
10.88137
10.84395
10.8237
10.82823
10.77135
10.79026
10.68947
10.90893
10.95486
10.9846
10.99373
11.12893
11.23946
11.1051
11.00493
10.98998
11.15392
11.04628
10.85251
10.73106
10.73256
10.74201
10.80289
10.77111
10.82695
10.67449
10.47459
10.51256
10.6222
10.63926
10.59438
10.68969
10.39078
10.15643
10.25213
10.37321
10.33913
10.33333
10.60682
10.70718
10.63188
10.72482
10.91869
10.93209
10.83096
10.72221
10.67743
10.82865
10.85436
10.8798
10.79209
10.75041
10.64864
10.72539
10.49609
10.54207
10.4536
10.49962
10.52824
10.62098
10.84731
10.87255
10.61219
10.37151
10.49029
10.73761
10.73249
10.68268
10.55591
10.63563
10.44867
10.3902
10.41024
10.5597
10.47647
10.51516
10.53869
10.3693
10.53678
10.66657
10.75822
10.79156
10.81871
10.98571
10.92669
10.74361
10.78818
10.52713
10.40088
10.55428
10.56495
10.73578
10.73679
10.79648
10.8182
10.88055
10.75191
10.72564
10.81536
10.8195
10.90203
10.8586
10.92439
10.8409
10.93369
10.67456
10.45875
10.33871
10.25777
10.28887
10.22634
10.27023
10.5536
10.50743
10.53521
10.27047
10.37863
10.2779
10.23548
10.11555
9.85734
9.893575
9.688509
9.388147
9.472996
9.543845
9.300159
9.251478
9.268451
9.263189
9.366172
9.374584
9.186732
9.333412
9.401784
9.139225
9.109908
9.09272
9.014804
9.001101
9.009453
8.845306
8.994582
8.807753
8.731012
8.518826
8.5975
8.425237
8.473801
8.513117
8.663092
8.756022
8.715692
8.736484
8.739109
9.000106
8.891775
9.158089
9.038161
9.012498
9.055695
9.084749
9.129648
8.835861
8.583048
8.579516
8.380323
8.57353
8.457154
8.497342
8.659904
8.730454
8.947549
8.858663
8.958456
9.141672
9.086597
8.938107
8.956227
8.862295
8.864175
9.172857
9.110438
8.832719
8.89243
8.800119
9.056776
9.168189
8.929258
9.017696
9.049985
8.793327
8.882727
8.928033
8.903338
8.773434
8.679586
8.771789
8.759533
8.690903
8.631045
8.595732
8.522609
8.522761
8.456033
8.532531
8.568279
8.566559
8.816961
8.725697
8.705798
8.680329
8.797035
8.690638
9.030128
9.146604
9.198174
9.271245
9.277454
9.412923
9.470834
9.516636
9.430686
9.290245
9.248795
9.550569
9.643724
9.648697
9.678089
9.857236
9.77996
9.649455
9.662818
9.79833
9.833245
9.880441
9.947758
9.791475
9.916295
10.0057
10.01613
9.968643
9.801114
9.71064
9.881422
9.903408
9.907836
10.2044
10.4287
10.32643
10.23138
10.38548
10.6019
10.57774
10.33438
10.66391
10.72113
11.01729
11.02062
11.01489
10.7864
10.83355
10.81649
10.907
10.97002
10.8763
10.77495
10.47435
10.4952
10.44793
10.30756
10.34908
10.32249
10.38672
10.33831
10.45176
10.76599
10.41407
10.31446
10.15843
10.1693
10.11068
10.37585
10.46647
10.37685
10.52286
10.36804
10.41362
10.37698
10.57456
10.67398
10.72335
10.82919
10.97393
10.80441
10.82529
10.56163
10.30327
10.62083
10.76792
10.72205
10.73171
10.82773
10.94503
10.9012
10.79301
10.6409
10.6531
10.66259
10.62008
10.52323
10.60351
10.52122
10.52733
10.47852
10.44652
10.3823
10.36224
10.05862
10.07453
10.02131
10.06269
9.868285
9.560007
9.730949
9.916708
9.694221
9.727004
9.575606
9.604384
9.501048
9.50011
9.421844
9.512529
9.541323
9.553664
9.395797
9.243166
9.456228
9.668881
9.808529
9.690831
9.538234
9.463677
9.37115
9.285255
9.454757
9.432361
9.519617
9.462378
9.313183
9.269954
9.424831
9.679807
9.809276
9.782094
9.600164
9.598082
9.741167
9.709776
9.594389
9.633565
9.63242
9.704128
9.845714
9.684819
9.627302
9.922001
9.838102
9.856032
9.814728
9.684511
9.638113
9.71276
9.872385
9.839339
9.818833
9.558844
9.855442
9.802684
9.652418
9.733725
9.652669
9.766623
10.06286
9.879199
10.02468
9.819902
9.723114
9.673517
9.511864
9.331069
9.464162
9.506861
9.394919
9.18178
9.182842
9.190306
9.098895
9.189518
9.278579
9.362465
9.202821
9.347223
9.208637
9.319671
9.26177
9.19525
9.113348
9.151201
8.979155
8.836792
8.804884
8.723135
8.791081
8.845695
8.830192
8.806536
8.804319
8.766827
8.717249
8.73329
8.904625
8.821201
8.995872
9.065729
9.218901
9.226118
9.132217
8.909823
9.076555
9.201528
9.043925
8.999584
9.101395
9.287081
9.088286
9.188089
9.028131
9.144075
9.127814
9.058667
8.971823
9.21201
9.235436
9.230116
9.201864
9.1199
9.179214
9.236477
9.248781
9.293606
9.622157
9.746571
9.799275
9.816628
9.921075
9.973335
10.04155
9.982196
10.33843
10.15507
10.22958
10.14078
10.10993
10.06375
10.17349
10.11729
10.22031
10.0222
10.2048
9.937222
9.870655
9.678901
9.641071
9.470572
9.217726
9.011391
8.949101
8.767812
8.76448
8.707227
8.725043
8.486185
8.551026
8.719606
8.417517
8.606214
8.527993
8.514844
8.449349
8.534784
8.467484
8.588155
8.664048
8.768569
8.693615
8.716249
8.641149
8.503697
8.422911
8.501944
8.62076
8.464459
8.515469
8.431626
8.634124
8.490051
8.671528
8.657284
8.693625
8.630413
8.81331
8.77374
8.520715
8.34071
8.322146
8.445595
8.22558
8.210918
8.299434
8.246691
8.079114
8.362693
8.216763
8.153627
8.189145
8.199523
8.353654
8.360189
8.20996
8.31561
8.177652
8.088421
8.132238
8.043523
7.802704
7.93838
8.135795
8.25689
8.332585
8.424741
8.604422
8.682586
8.602258
8.446956
8.501489
8.525901
8.483709
8.636069
8.467873
8.373484
8.513815
8.601424
8.551259
8.700384
8.673014
8.665413
8.538508
8.416558
8.501286
8.367099
8.467483
8.484239
8.553499
8.596483
8.498068
8.443271
8.195261
8.302319
8.40022
8.378709
8.291145
8.143018
8.039159
8.312412
8.194521
8.059954
8.080765
7.818819
7.659384
7.494968
7.234674
7.077445
7.289921
7.25308
7.254341
7.500017
7.445809
7.438597
7.296271
7.106918
7.145707
7.125484
7.187756
7.212386
7.221041
7.131927
7.151616
7.291921
7.545761
7.422985
7.610683
7.370867
7.152304
7.207743
6.964942
6.963417
7.0346
7.087416
7.196296
7.157099
7.361007
7.434041
7.252807
7.249075
7.308098
7.196584
7.252405
7.420064
7.538499
7.610496
7.724811
7.942458
7.813809
7.776095
7.423739
7.343546
7.353188
7.216222
7.325535
7.222376
7.366395
7.566213
7.67886
7.745883
7.706673
7.733279
7.698492
7.810706
7.659562
7.679603
7.844028
7.834818
7.95331
8.020807
8.027344
7.982422
7.916198
7.96047
7.908045
8.006934
8.134891
8.071344
8.198292
8.43246
8.614303
8.55548
8.41252
8.427787
8.323514
8.371802
8.423984
8.731002
8.957675
9.096584
8.910126
8.609055
8.525545
8.409197
8.462583
8.566596
8.320052
8.378699
8.245357
8.200989
8.017652
8.250787
8.288805
8.32636
8.330377
8.265985
8.136017
8.08233
8.156791
8.046104
8.008574
7.808082
7.896832
7.9078
7.699461
7.76822
7.764376
7.957638
7.974513
8.104889
8.028772
8.218565
8.191388
8.256662
8.379615
8.417164
8.54713
8.517181
8.43374
8.6327
8.600625
8.42441
8.524966
8.525714
8.612679
8.596414
8.666621
8.511086
8.407996
8.586848
8.527482
8.517338
8.475507
8.300328
8.221733
7.880052
7.852046
7.592528
7.78905
7.737016
7.696819
7.365522
7.493864
7.589188
7.604376
7.523978
7.654669
7.92885
8.070264
7.924676
8.075118
7.927006
8.220247
8.034252
8.054635
8.210259
8.221334
8.309562
8.104379
7.915395
8.04492
8.156428
8.007209
7.88565
7.940176
7.96728
7.735661
7.586181
7.584684
7.567133
7.534606
7.65172
7.706146
7.628
7.602872
7.624103
7.553815
7.508328
7.496881
7.449466
7.348569
7.1864
6.988583
6.965691
6.731546
6.547039
6.112403
6.134595
6.229363
6.005289
6.135759
6.136812
6.182527
6.213981
6.04245
6.087573
6.087707
5.98831
5.777552
5.6958
5.590553
5.707588
5.496268
5.21839
5.318508
5.148423
5.246764
5.211721
5.095936
5.042823
5.221959
5.069755
5.100531
5.163416
5.23693
5.156601
5.242003
5.164957
5.233068
5.300672
5.38089
5.293364
5.419439
5.438475
5.529021
5.629828
5.647851
5.45338
5.479571
5.19464
5.257514
5.234871
5.224292
5.328435
5.398631
5.359338
5.588196
5.531438
5.462457
5.395983
5.542439
5.57856
5.449965
5.34497
5.305558
5.231933
5.269915
5.460147
5.080715
5.048708
5.004716
4.85736
5.051732
4.910145
4.63586
5.01497
5.057301
5.113449
5.298764
5.442727
5.511255
5.610633
5.626598
5.622645
5.559852
5.357532
5.315113
5.147083
5.042844
5.041591
5.059488
4.866119
5.066596
5.100446
5.041169
4.956658
4.884003
4.886707
4.866218
4.980287
4.866833
4.817678
4.607613
4.719875
4.628409
4.822952
4.745964
4.704737
4.865223
4.766749
4.64165
4.621456
4.476698
4.360599
4.127674
4.137309
4.03797
3.916046
3.754262
3.944487
3.587683
3.647409
3.752009
3.830408
3.803907
3.60088
3.893828
3.97883
3.937476
4.01776
4.369844
4.491555
4.399912
4.332948
4.376499
4.401834
4.587266
4.556291
4.602541
4.60318
4.575699
4.526567
4.380585
4.312285
4.449901
4.457591
4.440412
4.382298
4.527252
4.480508
4.304052
4.313828
4.331324
4.585464
4.754785
4.87207
5.086394
5.037026
5.258233
5.115997
4.962185
4.982382
4.902974
4.870203
4.781358
4.776241
4.889846
4.808237
4.834567
4.668991
4.588307
4.492855
4.294074
4.34816
4.232794
4.224712
4.269389
4.219006
4.424087
4.509565
4.111568
4.070552
3.728424
3.69448
3.810949
3.903417
3.95514
3.852663
3.834822
3.712064
3.677006
3.796824
3.835054
3.963605
4.055322
3.807468
3.800713
3.779661
3.641562
3.747574
3.619897
3.599563
3.852287
4.022586
4.199864
4.496637
4.628902
4.397413
4.245941
4.19735
4.233215
4.354486
4.254428
4.32295
4.368387
4.347176
4.365369
4.660603
4.478785
4.475347
4.58161
4.66027
4.778228
4.77139
4.695348
4.701751
4.616658
4.639945
4.64
4.589055
4.815914
5.072632
4.845015
4.808426
4.582711
4.814367
4.82289
4.737047
4.642576
4.720768
4.599449
4.617349
4.651355
4.760225
4.591595
4.695683
4.725514
4.911235
4.714967
4.796301
4.756423
4.996134
5.137845
5.089165
5.076314
5.024492
4.974029
