1.610648
1.82524
1.818746
1.833965
1.753963
1.816672
1.710301
2.045228
1.876826
2.030625
1.860598
1.749448
2.044305
2.040619
1.856265
1.972965
1.932671
1.990749
1.925633
1.979871
1.807688
1.810516
1.811736
2.041011
1.910657
2.032829
2.085612
1.85648
1.843049
1.960625
1.901021
1.885089
1.758499
1.685217
1.79837
1.828328
1.96819
1.994153
1.894781
1.879212
1.910453
1.997563
2.057402
1.953995
1.791482
2.01633
1.89077
1.891749
1.856929
1.860117
1.861363
1.885039
2.135893
2.055797
1.820508
1.874877
1.690099
1.881566
2.006737
1.814828
1.686291
1.703205
1.831437
1.739123
1.802593
1.908712
2.087898
1.774327
1.821255
1.904336
2.124517
2.028472
1.856707
1.913197
1.858081
2.03979
1.900096
1.994796
2.053067
1.868669
1.742119
1.865436
1.749996
1.903209
1.890942
1.96133
1.991679
2.004902
1.900202
1.685207
1.708351
1.855463
1.714157
1.893797
1.935194
2.02726
1.807635
1.884082
1.790296
1.811862
1.781361
1.830018
1.90981
1.774307
1.789987
1.769415
1.753812
1.809749
2.111171
1.837415
1.816207
1.846314
1.800938
1.834491
1.774474
1.563368
1.965802
1.9301
1.839798
1.987561
1.885427
1.805371
1.908432
1.930356
2.043383
1.901217
1.964702
1.851447
1.845261
1.735802
1.819222
1.830242
1.765058
1.830311
1.82777
2.072093
1.892483
1.898804
1.906061
2.055803
1.894191
1.810685
1.893539
1.784162
1.979471
1.968832
1.940937
2.124833
1.819824
1.854551
1.957614
1.901191
1.824601
2.101288
2.030499
1.879249
1.976357
1.818892
1.857627
1.997214
1.832236
1.711485
1.71925
1.753228
1.836769
1.770639
1.753086
1.769951
1.782999
2.067352
2.012906
1.933099
1.839872
1.848697
1.723721
1.900163
1.96225
2.110506
1.824564
1.919536
1.733467
1.885777
1.796704
1.905971
1.855928
1.783519
1.720071
1.82933
1.871039
1.791663
1.700051
1.837578
2.03351
1.819524
1.852776
1.833476
1.732242
1.87577
1.897847
1.877776
1.909662
1.756555
1.848549
1.904994
1.90238
1.812267
1.802597
1.954883
2.023851
1.732669
1.742656
1.954652
1.927756
1.812677
1.950479
1.899117
1.862784
2.017704
1.8435
1.830367
1.915241
1.9484
1.876945
1.904134
1.856307
1.824134
1.835326
1.713899
1.947572
1.844621
1.823203
1.644453
1.881956
1.971302
1.846766
1.920199
1.902393
1.770609
1.899119
1.869717
1.804273
1.74859
1.735142
1.933273
2.032119
1.935755
1.992959
1.984295
1.978341
1.948787
2.024821
1.948325
2.0549
2.026449
1.716166
1.853503
1.862222
1.827449
1.802636
2.033392
1.797449
1.877154
1.786304
1.942653
1.928322
1.786904
1.827449
1.744986
1.902453
1.789683
1.840074
1.876016
1.969215
1.780055
1.863457
1.952749
1.758309
1.942326
1.978428
1.860693
1.95049
2.108692
1.873375
1.895637
1.857279
1.793425
1.795425
1.919907
1.812256
1.770811
1.789088
1.841698
1.885865
1.796255
1.736353
1.688446
1.997017
1.928037
1.941706
1.930936
1.749615
1.789899
1.876341
1.7183
1.70365
1.834613
1.699923
1.874847
1.843752
1.796178
2.076995
1.805704
1.882793
1.896319
1.783178
1.956977
1.770696
1.859686
2.012043
1.919043
1.879301
2.035666
2.085488
1.884967
1.996559
1.834303
1.985951
1.753838
1.672692
1.815599
1.804596
1.992285
2.011632
1.911098
1.793045
2.103433
1.75586
1.982972
1.983128
2.028598
2.092113
1.937501
2.016805
1.731311
1.83671
1.657521
1.721409
1.841258
1.925957
1.844456
1.754271
1.804544
1.823018
1.962984
1.910802
1.880879
1.905122
1.92161
1.816552
1.745266
1.785245
1.7237
1.630252
1.683577
1.835008
1.861409
1.99207
1.879585
1.982296
1.950716
1.81736
1.785704
1.922077
1.798228
1.940361
1.832623
1.917076
1.858597
1.900174
1.897789
1.989309
1.773306
1.744979
1.797945
1.759289
1.858232
1.869124
1.718252
1.801763
1.801584
1.892714
1.973728
1.796645
1.882131
1.82725
1.835076
1.7015
1.822665
1.801995
1.809277
1.845124
2.026753
1.920637
1.981083
2.122953
1.945229
1.94806
1.859326
1.863147
1.880946
1.898903
1.9674
1.902986
1.914193
1.926446
2.069237
1.911264
1.857943
1.748542
1.801514
2.019651
1.920146
1.898352
1.83656
1.890779
1.938898
1.799088
1.969779
1.659967
1.747986
1.693065
1.797849
1.766131
1.955871
1.887301
1.764051
1.750734
1.883978
1.993119
1.827415
1.91067
1.693992
1.772506
1.658729
1.665735
1.908212
1.864133
2.002232
1.832192
1.748239
1.801179
1.874992
1.924349
1.838746
1.938483
1.965656
1.9666
1.874733
1.799234
1.738577
1.729388
1.854988
1.930225
1.837619
2.085433
1.807511
1.692684
1.826833
1.861264
2.085139
1.875561
1.750173
1.964078
1.857987
1.836806
1.87107
1.947416
1.873785
1.961284
1.973192
1.856722
1.868656
1.887739
1.887433
1.885942
1.822955
1.752724
1.960451
1.959695
1.964571
1.932336
1.867852
1.883708
1.756765
1.692618
1.806548
1.840406
1.786684
1.900608
1.924576
1.782882
2.072705
1.900339
2.0231
1.83276
1.818739
1.920003
1.841455
2.11665
1.864127
1.950994
1.885931
1.749961
1.905091
1.953064
1.912632
1.891886
1.932227
1.886898
1.755989
1.802582
1.902019
1.868266
1.991945
1.903885
1.871703
1.883578
1.881334
1.717939
1.762224
1.776461
1.859571
1.869691
2.073853
1.970291
1.824173
1.783392
1.969616
1.88139
1.774629
1.998135
1.955735
1.941931
1.820741
2.079435
1.867228
1.780391
1.909483
1.814604
1.911385
1.800646
1.770624
1.94986
1.954146
1.992426
1.988003
2.036
1.956336
1.859598
1.897995
1.778692
1.983715
1.886391
1.957547
1.956703
1.965598
1.916943
1.815094
1.894948
1.756361
1.92586
2.122737
1.979639
1.855185
2.00825
1.765077
1.862492
1.850334
1.794916
1.834575
1.831031
1.709408
1.910991
1.849059
1.888249
1.900323
1.872688
1.734425
1.914866
1.878985
1.864701
2.005648
1.842815
1.830229
1.765809
1.874239
1.943232
1.902049
1.880605
1.894969
1.782236
1.868347
1.915372
1.85062
1.938054
1.70142
1.822183
1.897407
1.879201
1.821172
1.81027
1.733083
1.93483
1.919076
1.976187
1.926689
1.689776
1.915764
1.766648
1.86192
2.136603
1.692313
1.669894
1.944543
1.950221
2.17921
2.041607
1.940451
1.784436
1.865272
1.754166
1.70873
1.758723
1.878582
1.907752
1.846253
1.972496
2.030458
1.966063
2.004015
1.796294
1.904266
1.762685
1.634853
1.766108
1.760946
1.783039
1.901384
1.938744
1.900529
1.822754
1.856247
1.778367
1.922181
1.926706
2.048951
1.741972
1.732044
2.034921
1.765067
1.804919
1.758049
2.090007
2.030791
1.923551
1.924819
1.949578
1.997515
1.844317
1.793458
1.871959
2.006075
1.991392
1.827701
1.897942
1.752813
1.702203
1.902557
1.842623
1.950342
1.71129
2.039782
1.954133
1.952977
1.926312
1.837921
1.716133
1.761165
1.897342
1.976303
1.876152
1.896407
1.619447
1.731408
1.851096
1.878574
1.638384
1.887626
1.814789
1.770982
1.756029
1.911661
1.830934
1.773073
1.747728
1.66818
1.790322
1.853119
1.744645
1.920154
1.964278
1.856883
1.897687
1.913173
1.803692
1.920404
1.959592
1.873973
1.97852
1.889733
1.988647
2.100711
2.02735
1.766751
1.783097
1.9878
1.973585
2.21267
1.929027
2.030439
2.124714
2.005903
2.012515
2.165944
1.958059
1.827526
1.893718
1.913856
1.88703
1.949151
1.950588
1.994046
1.861776
1.903649
1.854403
1.855855
1.9143
1.81382
1.795896
1.837923
1.998695
2.034921
2.06387
1.818933
1.94952
2.092646
2.004761
1.990651
2.16568
1.894658
1.895724
1.713806
1.795543
1.97282
2.06132
1.719407
1.717836
1.784398
1.723484
1.935249
1.898251
2.075266
1.973672
2.01617
1.913619
1.928194
2.11542
1.846946
1.949312
1.78464
1.961037
1.815883
1.902031
1.731665
1.884493
1.922195
2.08921
1.882552
2.0958
1.851597
1.681378
1.894189
1.823521
1.779283
1.854136
1.919863
1.977186
1.750422
1.837016
1.658727
1.947164
1.948176
1.936684
1.907911
1.854237
2.005498
1.925629
1.705258
1.922135
1.861715
1.863858
1.947411
1.879765
1.941389
1.986931
1.790583
1.87043
1.892212
1.948663
1.853488
1.89261
1.963282
1.887138
2.069848
1.912095
1.873438
1.984696
1.804281
1.944035
1.875312
1.915181
1.972044
1.816688
1.77986
1.881608
1.864976
1.765657
1.878033
1.843394
1.89595
1.954738
1.919995
1.963047
2.000538
1.881158
1.965303
1.95811
1.692509
1.805579
1.663143
1.893736
1.737527
1.957756
1.745148
1.70828
1.626418
1.880677
2.077528
2.116231
2.118854
2.040276
1.931229
1.753731
2.017721
1.916217
1.957587
1.782738
1.879774
1.963293
1.757146
1.954919
1.817159
1.963759
1.970193
1.789686
1.78697
2.121528
1.888444
2.011907
1.96784
2.002871
1.708163
1.934713
1.890497
1.825177
2.019812
1.896815
1.922541
1.805356
1.758245
1.973221
1.879406
1.914846
1.884009
1.914211
1.925019
1.830441
1.749371
1.808797
1.719548
1.700883
1.706248
1.834135
1.844544
1.778211
1.933848
1.960731
1.871329
1.784124
1.888767
1.930608
1.900472
1.822919
1.794809
1.838098
1.694517
1.822396
1.878138
1.678132
1.715941
1.805388
1.749375
1.870187
1.864414
2.074327
1.782516
1.889174
1.956603
1.823869
1.853818
2.039432
1.952156
1.925505
1.893334
1.914009
1.951761
1.966665
1.93871
2.02208
2.001574
1.903032
1.90976
1.984007
1.983878
1.793909
1.858361
1.739844
1.891876
1.915991
2.008831
1.976292
1.796669
1.818491
1.796843
1.850476
1.729079
1.730044
1.787901
1.951545
1.931282
1.886121
1.97192
1.965637
1.80228
1.747386
1.822199
1.924657
1.954462
1.941725
1.899315
2.021366
1.995268
1.990399
1.879505
1.669692
1.805327
1.779484
1.930093
1.677771
1.909696
1.739205
2.028261
1.835782
2.153589
1.89678
1.72902
1.905285
1.741599
1.766182
1.819454
1.804367
1.757422
1.7222
1.734073
1.937527
1.729659
1.784159
1.873957
2.067415
1.839261
1.809656
1.81606
2.04452
1.92606
2.020441
1.981929
1.964828
1.762876
1.793973
1.849816
1.933733
1.803053
1.726128
1.898446
1.663701
1.871365
1.841202
1.957681
2.006562
2.058119
1.836145
1.848065
1.901691
2.076584
1.856529
1.618743
1.879651
1.979453
1.837493
1.906332
2.005357
1.999122
1.774429
1.876922
1.731287
1.768067
1.885669
1.892604
1.72518
1.892679
1.834662
1.916576
1.956675
1.745485
1.742796
1.93196
1.833368
1.843839
1.890033
2.013805
2.021695
1.806072
2.009835
1.872345
1.846275
1.84118
1.758891
1.79978
1.66727
1.794592
1.939937
1.844961
1.892672
1.850263
1.75133
1.680936
1.822062
1.806174
1.799404
1.948243
1.987278
1.783131
1.934187
1.881736
1.702197
1.855462
2.122071
1.977673
1.88289
1.795135
1.900741
1.967852
2.040809
1.978191
1.756916
1.871608
1.851789
2.007924
1.746455
1.956652
2.01273
1.69599
2.042742
1.985122
1.889381
1.902907
1.832965
1.808018
1.938624
1.672245
1.880226
1.761291
1.711185
1.807694
1.911508
1.763251
1.767845
1.822326
1.821669
1.843506
1.744117
1.632703
1.945634
1.845271
1.883552
1.81559
1.851675
1.887775
1.743542
2.005916
1.852914
2.015685
2.038313
1.979086
1.982202
1.776239
1.875945
1.852692
1.825483
1.694395
1.805058
2.057511
1.853809
1.83534
1.885471
1.65788
1.728941
2.01292
1.978867
1.892294
1.846763
1.816712
1.674984
1.680969
1.834724
1.697394
1.854487
1.906556
1.94278
1.872203
1.862339
1.642699
1.737269
2.045306
2.065662
1.916004
1.921648
1.859358
1.978635
1.92631
1.810868
1.895692
1.87003
1.851799
1.927314
1.83656
1.81098
1.896194
2.031462
1.801094
1.935188
1.935167
1.987228
2.087931
1.891228
1.762059
2.07348
1.818892
1.90871
1.845842
1.893779
1.936913
2.07413
1.994777
2.114267
2.058217
2.001998
1.955197
1.870485
1.826098
1.78128
2.080895
1.941173
1.760851
1.657498
1.790923
1.794536
1.805817
1.916197
1.960487
