9.60811
9.584833
9.603598
9.522064
9.582083
9.53255
9.534808
9.66907
9.557499
9.505545
9.62595
9.593396
9.576118
9.592112
9.549425
9.614771
9.502303
9.619354
9.494132
9.578025
9.54514
9.580123
9.49153
9.573336
9.543643
9.557907
9.544114
9.584594
9.568509
9.503316
9.578088
9.536685
9.562861
9.564776
9.417044
9.547649
9.4955
9.558829
9.601812
9.574444
9.563082
9.516952
9.475657
9.577455
9.473599
9.555764
9.553763
9.598844
9.513062
9.524692
9.488927
9.612486
9.611387
9.573731
9.541929
9.554953
9.517801
9.583402
9.648552
9.54649
9.542177
9.524067
9.524236
9.541426
9.598784
9.585777
9.579024
9.532261
9.5529
9.507744
9.556153
9.585807
9.557612
9.549702
9.54372
9.57751
9.624414
9.547553
9.583083
9.549802
9.552671
9.602164
9.527569
9.598682
9.532944
9.517411
9.531329
9.54757
9.581049
9.566229
9.625612
9.594486
9.567598
9.509031
9.539295
9.593142
9.539886
9.507368
9.590958
9.562769
9.592441
9.528364
9.586429
9.53905
9.571324
9.547772
9.579811
9.630096
9.571184
9.624024
9.592003
9.562941
9.524834
9.556699
9.551973
9.553941
9.618559
9.598713
9.596242
9.576649
9.569806
9.498074
9.562336
9.612895
9.551658
9.500418
9.571358
9.521287
9.567163
9.540146
9.619638
9.541928
9.552323
9.509091
9.553025
9.529388
9.510558
9.532799
9.592711
9.563841
9.571858
9.522216
9.601303
9.5807
9.48915
9.530058
9.511133
9.586527
9.582075
9.549226
9.538222
9.556763
9.566217
9.546354
9.556123
9.545787
9.524776
9.560615
9.586229
9.628642
9.529654
9.581174
9.491017
9.559192
9.597008
9.593573
9.48702
9.565293
9.51478
9.635674
9.542953
9.517652
9.643237
9.593481
9.547453
9.57213
9.54542
9.583496
9.507751
9.582982
9.579915
9.519284
9.594991
9.517277
9.585596
9.493254
9.581492
9.590187
9.549238
9.549882
9.519199
9.584562
9.547085
9.545701
9.565559
9.513678
9.612932
9.469943
9.532688
9.528336
9.474788
9.514953
9.596002
9.543713
9.528336
9.588202
9.58079
9.524745
9.564039
9.534985
9.509073
9.500649
9.567148
9.520792
9.606496
9.537296
9.618285
9.588274
9.607921
9.586038
9.552885
9.593818
9.575234
9.585153
9.583378
9.597954
9.576785
9.56908
9.572907
9.556874
9.532161
9.54305
9.585895
9.538478
9.548107
9.573247
9.483799
9.587829
9.558624
9.592285
9.503935
9.577563
9.565805
9.555258
9.507668
9.594267
9.47949
9.566874
9.576516
9.581188
9.482393
9.498037
9.615796
9.589765
9.47758
9.528113
9.490981
9.620879
9.620536
9.546643
9.555481
9.625003
9.533243
9.514159
9.622148
9.568377
9.499368
9.557187
9.577403
9.550485
9.49021
9.558924
9.63215
9.565087
9.542985
9.527479
9.552757
9.517794
9.611567
9.551034
9.48826
9.53349
9.574128
9.551793
9.539194
9.526755
9.557337
9.525752
9.525642
9.527544
9.575886
9.484732
9.56212
9.58806
9.628522
9.551583
9.517995
9.607073
9.619218
9.57683
9.607188
9.500428
9.571591
9.53246
9.598586
9.516526
9.588054
9.594032
9.57429
9.558049
9.579234
9.610254
9.53735
9.516375
9.621875
9.520917
9.5858
9.498505
9.61924
9.513195
9.545712
9.605843
9.570151
9.491745
9.559426
9.513755
9.592241
9.540408
9.519849
9.488921
9.541751
9.509568
9.512561
9.488967
9.554821
9.525723
9.573703
9.654761
9.538961
9.548697
9.523793
9.560644
9.608801
9.602064
9.532524
9.563024
9.565522
9.558563
9.562772
9.554655
9.551122
9.578511
9.580805
9.614077
9.565257
9.539572
9.543486
9.55275
9.542727
9.530573
9.590172
9.502064
9.543216
9.611866
9.610654
9.519547
9.591875
9.552282
9.530521
9.579218
9.596782
9.543743
9.551755
9.565112
9.564643
9.537421
9.644877
9.509912
9.568775
9.614385
9.546887
9.590637
9.626352
9.570476
9.58468
9.618904
9.597865
9.576541
9.576954
9.490541
9.551559
9.508962
9.52223
9.547258
9.597421
9.552076
9.50792
9.559243
9.567046
9.542663
9.55748
9.663206
9.551404
9.505643
9.533967
9.586217
9.649297
9.533853
9.486201
9.572354
9.566054
9.518769
9.530842
9.527096
9.5769
9.528273
9.578969
9.583829
9.570991
9.557325
9.490602
9.485152
9.52177
9.577388
9.608474
9.57715
9.515114
9.514973
9.549751
9.527444
9.588288
9.568679
9.586371
9.580157
9.49713
9.568705
9.525347
9.613679
9.535033
9.531848
9.607978
9.574781
9.53094
9.496326
9.558438
9.497284
9.5709
9.586817
9.525505
9.561698
9.526975
9.567172
9.578769
9.555618
9.528836
9.610932
9.509819
9.567112
9.55343
9.530613
9.552222
9.532611
9.625741
9.638995
9.563737
9.500293
9.511866
9.637663
9.536798
9.576266
9.575236
9.571497
9.545988
9.583652
9.585792
9.586969
9.607069
9.532148
9.570248
9.508423
9.528398
9.531103
9.577257
9.520119
9.55087
9.555112
9.531171
9.551953
9.500575
9.496024
9.529259
9.538264
9.599197
9.590321
9.554428
9.567474
9.643921
9.510374
9.547348
9.616481
9.535418
9.521716
9.540386
9.522076
9.54224
9.563531
9.544862
9.54222
9.539667
9.515237
9.579753
9.523934
9.561008
9.554636
9.527429
9.52047
9.566343
9.556636
9.556487
9.566743
9.546721
9.575895
9.501644
9.555219
9.536108
9.516084
9.511762
9.525528
9.58648
9.567006
9.600261
9.561527
9.499646
9.509844
9.521862
9.578805
9.615363
9.50078
9.491868
9.464436
9.594404
9.536149
9.573238
9.508288
9.544015
9.577892
9.553322
9.452614
9.531027
9.665878
9.530066
9.53767
9.577153
9.544582
9.537736
9.538992
9.65538
9.554638
9.618572
9.56137
9.549256
9.574011
9.472382
9.494459
9.592866
9.52723
9.52698
9.626732
9.584104
9.568481
9.585363
9.605151
9.528581
9.527748
9.616261
9.496987
9.602369
9.641929
9.563763
9.513894
9.587309
9.5989
9.547899
9.566132
9.552085
9.509162
9.493199
9.554903
9.575161
9.540668
9.541274
9.613226
9.518818
9.543374
9.524374
9.575826
9.57679
9.583687
9.597058
9.560309
9.613608
9.58267
9.559774
9.548719
9.618175
9.511809
9.526943
9.516172
9.526647
9.58296
9.533091
9.612308
9.580187
9.602987
9.567101
9.556868
9.524749
9.55425
9.532453
9.505589
9.601962
9.560423
9.579376
9.531844
9.504288
9.574494
9.580658
9.523776
9.548136
9.532267
9.584739
9.591746
9.617841
9.527557
9.568963
9.636277
9.611688
9.53186
9.610534
9.575527
9.54654
9.540114
9.546635
9.537195
9.545749
9.568847
9.513763
9.594872
9.540126
9.570947
9.527021
9.620748
9.628414
9.554533
9.564403
9.560116
9.635797
9.571155
9.541799
9.576806
9.536326
9.576131
9.554553
9.572769
9.479548
9.594552
9.626287
9.595354
9.542663
9.607803
9.520607
9.51532
9.583229
9.554792
9.580759
9.567032
9.570198
9.637116
9.546832
9.551399
9.584575
9.473673
9.575083
9.524096
9.537013
9.582714
9.500079
9.615889
9.565639
9.528566
9.538232
9.548072
9.602729
9.547828
9.58273
9.546708
9.632362
9.56423
9.561837
9.619601
9.52605
9.524037
9.552884
9.527501
9.599379
9.568861
9.527188
9.523548
9.541213
9.535362
9.614102
9.644014
9.644103
9.572412
9.569408
9.609384
9.592723
9.61232
9.537247
9.569718
9.673264
9.510645
9.511506
9.58456
9.63839
9.552257
9.541512
9.589926
9.525356
9.565808
9.539143
9.589908
9.5828
9.533252
9.618989
9.543784
9.59677
9.587854
9.602137
9.561316
9.549021
9.536789
9.531789
9.572331
9.558201
9.502276
9.614245
9.544391
9.632664
9.556254
9.559549
9.62431
9.515662
9.62731
9.530175
9.575213
9.502349
9.539802
9.584864
9.547422
9.635841
9.587323
9.534886
9.590402
9.595292
9.53335
9.481055
9.540422
9.563172
9.547781
9.557438
9.531493
9.459973
9.579735
9.516299
9.540892
9.534002
9.564336
9.558956
9.59922
9.501596
9.54964
9.545536
9.532496
9.544825
9.569173
9.588652
9.483738
9.574624
9.561311
9.504757
9.571188
9.537768
9.494088
9.513174
9.588378
9.530096
9.516155
9.572685
9.650426
9.528418
9.555694
9.599463
9.605042
9.501318
9.551143
9.535288
9.486299
9.541755
9.497782
9.572018
9.539613
9.568986
9.528597
9.550252
9.539376
9.538622
9.519639
9.525372
9.528369
9.532302
9.598961
9.604464
9.578419
9.473952
9.545626
9.611677
9.493177
9.533218
9.565347
9.514582
9.519718
9.553352
9.624154
9.56713
9.556818
9.551649
9.540619
9.585783
9.582865
9.570446
9.65164
9.549406
9.554012
9.577574
9.572503
9.552232
9.581057
9.515942
9.599208
9.572607
9.61337
9.607624
9.554282
9.48511
9.49139
9.580639
9.616442
9.522615
9.598287
9.536663
9.515529
9.518479
9.574732
9.593243
9.497244
9.579734
9.527914
9.591631
9.578497
9.525843
9.531578
9.560235
9.552158
9.550216
9.51363
9.480749
9.587952
9.594306
9.548339
9.537409
9.5356
9.588288
9.478791
9.474867
9.569285
9.512428
9.555163
9.557545
9.581743
9.580313
9.586378
9.545721
9.542939
9.562843
9.509701
9.56942
9.602835
9.519858
9.531298
9.535789
9.588629
9.559785
9.548215
9.573464
9.584434
9.491946
9.493625
9.542308
9.536662
9.591725
9.589908
9.572063
9.512045
9.650771
9.567376
9.539801
9.500688
9.553854
9.590287
9.570682
9.59105
9.544518
9.659508
9.591069
9.517624
9.471532
9.542851
9.583716
9.561969
9.529458
9.587224
9.543311
9.487562
9.524524
9.54697
9.593489
9.592155
9.543255
9.535899
9.591561
9.520956
9.61198
9.546738
9.536391
9.679675
9.549043
9.559589
9.580006
9.5893
9.507038
9.626682
9.554257
9.503997
9.510192
9.606188
9.580824
9.52153
9.573535
9.548051
9.628993
9.542888
9.551413
9.538977
9.575014
9.616376
9.560778
9.581133
9.529586
9.603811
9.583599
9.529447
9.600333
9.503875
9.57655
9.568637
9.595519
9.528492
9.491652
9.544946
9.585767
9.592192
9.50388
9.521819
9.599438
9.522223
9.58358
9.45859
9.588789
9.52132
9.562682
9.577931
9.536528
9.533199
9.597101
9.503042
9.525251
9.535593
9.536414
9.553414
9.527785
9.482071
9.53148
9.537223
9.483277
9.47411
9.590199
9.576732
9.592336
9.516711
9.51123
9.6386
9.541711
9.492254
9.495314
9.528237
9.559625
9.531536
9.538041
9.549587
9.549576
9.581385
9.587627
9.591145
9.539853
9.646491
9.585027
9.522722
9.518669
9.533417
9.620892
9.555603
9.569871
9.590421
9.596093
9.530219
9.55033
9.541005
9.48903
9.497064
9.581984
9.535395
9.612522
9.577369
9.569214
9.56081
9.543328
9.594673
9.640994
9.595782
9.566271
9.517369
9.599248
9.558118
9.506609
9.492591
9.518435
9.577454
9.579963
9.587749
9.559281
9.614544
9.561591
9.604574
9.511459
9.610626
9.569173
9.549297
9.580069
9.548956
9.475603
9.571237
9.526131
9.572329
9.67381
9.5753
9.514291
9.580135
9.535589
9.625783
9.528988
9.544464
9.571047
9.537991
9.496883
9.528302
9.555562
9.538224
9.573286
9.519818
9.629923
9.611225
9.59699
9.533441
9.505121
9.565537
9.543158
9.5732
9.517726
9.546702
9.589808
9.584413
9.504096
9.58434
9.583279
9.56268
9.588712
9.600164
9.514484
9.558492
9.490202
9.601946
9.534664
9.614598
9.581619
9.530061
9.585941
9.593158
9.531554
9.543877
9.516824
9.595406
9.527464
9.531572
9.533015
9.545558
9.559271
9.563031
9.603233
9.586239
9.550118
9.558412
9.521349
9.546382
9.544215
9.617282
9.509137
9.534844
9.530851
9.536555
9.511937
9.639212
9.524648
9.450754
9.612762
9.551069
9.486286
9.549842
9.460908
9.514828
9.517822
9.551842
9.501798
9.519122
9.575915
9.565879
9.587266
9.573403
9.587771
9.522607
9.63106
9.513155
9.480024
9.55065
9.588941
9.517787
9.611834
9.560171
9.490933
9.574011
9.561071
9.524385
9.593485
9.529203
9.577999
9.559802
9.541164
9.52039
9.535918
9.543337
9.52432
9.518647
9.566454
9.585692
9.604502
9.455808
9.516025
9.507564
9.584104
9.514605
9.567822
9.526151
9.515643
9.554049
9.637831
9.469537
9.561318
9.559157
9.537796
9.534163
