1.83129
2.458069
1.824453
2.286867
1.92447
1.626653
2.210058
1.776059
1.866252
1.983026
2.01387
1.784059
1.815563
1.531257
2.062233
1.457126
1.604182
1.934208
2.01033
1.835194
2.634307
1.588895
1.739522
2.269055
2.436991
2.670004
2.279517
1.400104
2.479154
2.055753
1.601165
1.692073
1.576365
1.481139
1.629119
1.59762
1.851399
1.643395
1.97342
1.9254
1.862177
1.334323
2.792522
2.490514
1.847381
1.399798
2.060822
2.112368
1.66812
2.204064
1.597196
1.990122
1.891093
2.279862
1.464615
2.028676
1.529529
2.024552
2.446805
2.036848
1.968918
1.705589
1.861347
1.451725
2.030137
1.945768
2.143327
2.250804
1.835246
1.814465
2.141464
1.597175
2.00169
2.183093
1.863975
2.249237
1.818179
1.602427
1.725466
1.630325
1.600054
1.705984
1.593662
1.863255
2.319497
2.232723
1.814528
1.815818
1.449542
1.793702
1.808298
2.068988
2.170433
2.10568
2.037265
2.362405
2.241125
2.071626
1.548076
2.57378
2.159566
2.266887
2.135983
1.874257
2.301784
2.006523
1.181685
1.990195
1.741172
1.849643
1.884161
1.838972
1.575279
1.64955
2.201658
1.900301
2.068808
1.778686
1.23317
2.110738
2.207345
2.152213
2.238736
1.810202
1.751244
1.873545
1.723323
1.910312
1.73262
1.728136
1.706014
1.880427
1.782423
2.159798
2.04224
2.128979
2.210035
1.956759
1.461917
2.095364
1.276904
1.470554
1.691324
1.597169
1.916358
1.944078
2.003143
1.808069
1.773443
2.338445
1.84466
1.708238
2.00743
1.747799
2.205085
2.265972
1.764679
1.952765
1.771206
1.972835
2.238566
2.406732
1.783148
2.099566
1.796478
1.891117
1.923887
1.498989
1.732636
1.734781
2.376973
2.212984
1.721999
1.81289
1.376247
1.4354
2.063261
2.307286
2.234604
2.04972
2.098109
1.460703
2.128698
1.915957
2.222947
1.804909
1.678975
1.606788
2.005985
1.972328
2.462043
2.626671
2.353635
2.198873
1.647989
1.988764
1.427192
2.011322
1.950914
1.534811
2.064837
1.915003
1.575068
2.059016
1.960193
1.904393
1.545162
1.987916
1.855915
1.904006
1.989101
2.384675
2.245953
1.661812
2.027929
2.359116
1.70779
1.847544
1.420112
1.67514
2.230486
1.512386
1.383272
1.443236
1.487744
1.54331
2.084022
1.656266
2.111547
2.03887
2.56495
1.822216
1.532095
1.569642
2.651946
2.011914
1.759885
2.267954
1.815203
1.65091
2.401656
1.576797
1.992478
2.257272
1.53513
1.554378
1.975162
1.700785
1.595047
1.838667
1.924003
1.971145
1.687868
1.767205
1.716727
1.508232
2.515666
1.385695
2.27351
1.347448
2.041707
2.646989
2.254932
1.889527
1.533854
2.090673
2.211893
2.577369
2.061982
1.732264
1.528791
2.002954
1.678365
2.239352
1.753496
2.113698
2.566722
2.198573
1.761825
2.26101
1.758613
1.630852
1.512289
2.613975
2.137084
1.775173
2.509276
1.99203
1.716855
1.422845
1.666941
1.997963
1.397287
1.86807
2.13123
1.686837
1.936782
2.450003
2.056634
1.709777
1.785134
1.817262
2.47151
1.783472
2.431909
2.187707
1.982287
2.4148
2.51279
1.580865
1.954896
1.630795
2.29327
1.92748
1.863319
1.751238
1.957091
1.755714
2.476804
1.960175
2.291429
1.994342
1.561481
2.270942
1.978136
2.343527
1.744389
1.916894
1.687238
1.646805
2.03446
1.879077
2.54438
2.254473
1.725156
2.338621
1.864813
2.622892
2.33133
2.041906
1.74933
1.947928
1.868641
1.720446
2.059402
1.477211
1.906729
1.665406
2.187785
2.219271
1.784663
1.710881
2.247623
1.607692
1.601783
1.940606
2.183804
1.787243
2.322035
1.425246
2.279889
1.7213
2.270199
1.486351
1.227418
1.656803
2.841677
2.052126
1.863462
1.840352
1.399358
1.701762
1.686872
2.005605
1.504631
2.039459
2.492478
1.824804
1.969397
1.955793
2.15835
2.453432
1.756867
1.820819
1.720604
1.792375
2.047525
2.639428
2.029769
1.77938
1.993075
1.989499
1.539295
1.788179
2.053719
2.013639
2.063276
1.671516
1.761731
1.937277
1.860524
1.726176
1.993837
1.405724
2.498926
1.970725
2.044026
1.918615
2.182137
1.840383
2.03798
2.038878
1.710305
2.060417
1.794419
2.036727
2.047796
1.678088
2.093534
1.972318
2.338585
2.316684
1.881453
1.503201
1.720198
1.39025
1.710276
1.936473
2.0162
2.280998
1.920371
1.709853
1.488682
1.762822
1.602984
2.097807
2.425348
1.810367
1.827058
2.300483
2.062212
2.060179
1.841908
1.667858
1.901883
1.800056
2.086564
1.984164
1.554906
1.93708
1.577863
1.812534
2.429816
1.946242
1.752386
1.846439
1.63265
1.735593
1.676342
1.888136
2.594285
2.472034
1.727262
1.835206
2.571696
1.952149
2.003795
2.504663
1.681632
1.578498
2.261654
1.975356
2.253451
1.801723
1.839939
1.624532
1.915169
1.97378
2.108814
2.184231
2.323605
3.06529
2.126324
2.021684
1.361578
1.492662
1.566854
2.023158
1.762368
2.222299
1.745292
1.759693
1.712934
1.859
1.609103
1.822292
1.568881
1.591613
1.744585
1.843228
2.096886
2.525878
1.305524
1.753331
1.732122
1.879831
1.898505
1.806806
2.238254
1.853073
1.797157
1.91102
1.450453
2.025395
1.561474
2.676312
2.104412
2.143954
1.763304
1.598464
1.820515
2.145671
1.256694
1.765746
1.792317
1.990113
1.942975
2.228199
1.869353
2.266192
1.746373
1.672501
1.805249
1.839079
2.450876
1.823775
1.836558
2.057469
2.146388
2.468747
1.892941
2.219433
1.909797
1.790387
1.695537
1.80387
2.241061
1.829115
2.481604
2.133371
1.779118
1.957648
1.518512
1.731423
1.650081
1.910934
2.007087
1.826922
1.691462
1.523883
2.192711
1.722857
1.814975
1.724663
1.598088
2.295278
1.850787
1.97889
2.331885
1.453998
1.615466
1.461138
1.704665
1.855503
2.093517
1.681816
2.139045
2.055352
1.805451
1.659965
2.4714
1.96577
1.541568
2.077447
1.647981
1.957565
1.843876
2.246161
2.290549
1.643915
2.02013
1.901365
1.67619
2.295991
1.408784
1.525293
2.324522
1.876588
2.171473
1.591665
1.655376
2.255157
1.815612
2.01165
2.543974
2.053574
2.275648
2.328252
2.1386
1.433994
1.92834
1.924287
1.604065
1.896053
1.605463
2.26536
1.792938
2.540968
1.839122
1.97949
1.315143
1.68996
1.415745
1.673818
1.75986
1.746838
1.394727
2.323306
2.249313
1.79955
1.789411
1.578557
1.746838
1.5806
2.021665
1.95326
2.100282
1.88204
2.237032
2.008588
2.466451
1.658918
2.090369
2.611149
1.662702
1.917393
1.798837
1.836847
1.696901
1.821924
2.451903
2.106959
1.294492
1.933422
1.76793
1.727691
2.088547
2.704172
1.449035
2.115977
2.011277
1.906172
1.861841
2.207283
1.711225
1.483984
1.996135
1.653364
1.670421
2.087534
2.391357
1.375388
1.587957
1.594209
1.991266
1.93894
2.725619
2.0066
1.691234
1.802856
2.102161
1.725419
2.171665
2.379071
1.662286
2.568272
1.471045
1.916099
1.708726
1.542991
1.557953
1.469067
2.105513
1.654604
1.597958
2.637801
2.266255
2.069001
1.73723
1.619245
2.176065
1.96095
1.681126
1.587284
1.775617
1.931983
1.589738
1.74261
1.782562
1.821392
1.479226
1.884316
2.023944
2.261213
1.659443
2.511487
1.867508
2.292633
1.724183
1.438745
2.1724
1.946161
1.966129
2.224478
1.788005
1.879462
1.804491
1.827334
2.060291
1.767829
2.175803
2.022172
1.867461
1.537226
1.580765
1.817255
2.055578
1.906497
1.778701
1.890011
1.740107
2.060794
1.421831
1.606202
1.597929
1.727404
2.546883
1.868418
1.373757
1.909828
2.244878
1.752439
2.571369
2.110202
1.919276
2.021688
1.76882
2.000776
1.690409
2.221996
1.914823
1.666859
2.122383
1.571461
2.269751
1.710199
2.181358
1.647741
1.816266
1.949108
1.336844
1.660642
1.942319
1.618004
1.918884
1.88495
1.50775
1.888048
2.487329
1.70729
1.944466
1.885673
1.825852
1.896431
1.879045
1.794694
1.551242
1.87077
1.712915
1.967818
1.761551
2.276217
2.367416
2.462061
2.104282
1.88722
1.545775
1.940471
1.842751
1.743416
2.195931
1.590934
2.017357
1.804123
1.861356
1.741514
2.12849
1.864414
2.00706
2.28436
1.730342
1.649392
1.993526
1.870998
2.020091
2.426953
1.757418
1.673694
1.885977
2.027339
2.060601
1.527921
1.687952
2.285596
2.053134
1.897961
1.76187
2.211031
1.823687
1.981018
1.610597
1.239092
2.296447
1.895932
2.15561
1.952022
1.68306
1.706208
1.921317
1.405663
2.163523
2.239593
1.892086
1.848628
1.493764
1.696521
2.311809
2.226435
2.019679
1.676054
2.071397
1.519884
1.374425
1.922858
2.124303
2.510134
1.801989
1.110252
2.170911
1.982095
2.432597
1.606084
1.609565
2.013285
1.529135
2.236935
1.802389
2.543641
2.027783
1.835917
2.830054
1.906782
1.733789
2.145252
1.392713
1.680173
1.473956
1.890166
1.897472
2.161108
1.914188
1.410835
1.699747
1.771001
1.915613
1.665099
1.821522
1.790281
1.546497
2.04785
2.535874
1.757473
1.782226
2.62243
2.159791
2.626779
1.918867
1.645402
1.61445
1.42483
2.170732
1.657441
2.115558
1.561192
2.150945
2.362059
1.765176
2.355195
1.593097
1.507252
2.163704
1.840985
2.258697
1.994431
2.088908
1.6798
1.707995
1.731167
1.67735
1.66321
1.557189
1.960795
1.668885
1.943111
1.822456
2.034384
2.026805
1.545223
1.925022
1.814768
1.765321
2.042852
2.377149
2.068144
2.050694
2.422788
1.71209
1.691571
1.617275
2.201199
1.775878
2.325913
1.738168
1.911531
2.2756
2.419175
2.1337
1.812668
2.010263
1.740272
1.855982
1.87793
2.046175
1.865263
1.80919
2.148637
2.030907
1.733807
1.695061
1.694819
1.650583
1.380856
1.998339
1.772265
1.830238
2.057358
1.762458
1.686156
2.249425
2.29172
1.51178
1.496021
1.675344
1.862634
2.078089
1.925542
1.655687
1.580763
1.499669
1.572947
1.673517
2.394461
2.500458
2.102646
1.772492
1.722371
1.623397
1.899437
1.719851
1.8806
1.597419
2.106618
1.630654
1.999888
1.540719
1.634355
2.003524
1.842217
1.273279
1.791988
1.993249
1.373764
2.240479
2.458575
1.760507
1.645891
2.22419
2.121233
1.841697
1.851815
1.660183
1.824502
1.895064
1.868812
1.911049
2.047032
1.728877
1.955584
2.58713
1.981302
1.898987
2.341043
1.990911
1.905803
1.993269
2.437397
1.901245
1.659907
2.052218
1.773822
1.954923
2.169971
1.800426
1.975329
1.901535
1.745803
1.511026
1.537318
1.945782
2.546977
1.874017
1.762835
1.714356
1.539386
1.611583
1.908991
1.936144
1.979931
2.060024
2.193733
1.734624
1.69928
1.901499
1.948731
1.707783
2.097738
1.433211
1.820229
2.123931
1.679409
2.045262
1.712313
1.640408
1.928056
1.737591
1.65261
2.614308
1.498118
2.012547
2.115361
2.351291
2.233921
1.862843
2.238801
1.841499
1.709861
1.436744
2.328817
2.048506
1.734664
2.407559
1.882302
1.995723
2.034821
2.140759
2.434634
1.582268
2.236635
1.714721
1.715866
2.009821
1.909443
1.737505
1.672917
1.620846
1.15777
1.755333
1.691732
2.274236
2.090346
1.906543
2.013292
1.514784
1.585717
1.6573
1.613717
1.854418
1.735743
1.501366
1.663881
2.027921
1.78699
2.336182
1.412322
1.842199
2.197747
1.49109
2.479403
2.029709
2.174801
2.284495
1.85893
1.76273
1.535901
1.484483
1.590317
1.616139
1.607677
1.941909
1.45894
1.881919
2.013943
1.692773
2.24216
1.949454
2.030617
1.672509
2.498245
1.659844
1.720209
2.109816
1.686434
1.93971
1.949685
1.520939
2.636726
1.836089
1.79674
1.987939
2.349165
1.860218
1.868314
2.017361
2.0241
1.631439
1.703324
1.630449
1.844457
1.893694
1.757337
1.838327
1.725815
1.678126
2.184902
1.798076
1.886045
2.164261
2.006489
2.059808
1.918721
2.164128
2.068454
2.029839
1.905767
1.766494
1.643305
1.809977
1.758268
2.176674
1.513147
1.960768
2.017938
2.503997
1.636737
2.10469
2.239129
1.781244
1.44176
2.089405
2.236455
1.777723
1.557878
1.980647
1.898328
1.700502
1.664284
1.572686
1.711322
1.591783
2.22297
