2.062704
1.847268
1.845358
1.877867
1.620616
1.791006
1.812252
1.964249
2.246794
2.338972
2.214604
1.888655
1.502892
1.448471
1.461335
1.556316
1.579202
1.42738
1.405213
1.357317
1.466028
1.722492
1.788783
1.747779
2.113269
2.1201
2.353066
2.32052
1.950783
1.643863
1.847053
2.02717
1.75243
1.672473
1.720425
1.571725
1.550474
1.353813
1.299473
1.467645
1.602321
1.40592
1.357241
1.739104
1.835481
1.739476
1.665592
1.507795
1.366007
1.62259
2.105393
2.002635
1.850266
1.722189
1.968764
1.673203
1.498116
1.6227
1.572127
1.495827
1.902743
1.552873
1.366402
1.171043
1.27093
1.328475
1.569154
1.964869
1.771858
1.735178
1.889744
1.421495
1.564604
1.451801
1.398393
1.59914
1.631073
1.489227
1.903907
2.858372
2.562592
2.258716
2.266368
1.72538
1.552179
1.804685
1.886053
1.70246
1.311545
1.16457
1.475906
1.514246
1.327668
1.729055
1.748052
1.602617
1.639908
1.829504
1.980003
1.885301
1.762551
2.402311
2.025463
2.029307
1.924781
1.902045
1.830822
2.113775
2.289744
2.220983
1.915413
2.067376
1.785415
2.141154
2.003476
2.306017
2.311441
2.321736
2.056619
2.326664
1.895451
2.064441
2.320108
1.843143
1.955002
1.716616
1.975193
1.805579
1.856392
1.616681
1.668744
1.909176
1.930425
1.827453
1.933682
2.016577
2.050357
1.640026
1.638263
1.62594
1.56376
1.638293
1.458637
1.599533
1.848844
1.710805
1.71234
2.338358
1.700896
1.507659
1.741068
1.785961
1.927544
1.840335
1.708651
1.532797
1.696027
1.639947
1.558551
1.765427
1.728264
1.82606
2.356402
2.250455
2.351762
1.934463
2.098597
1.876249
1.569649
2.210524
2.509444
2.03136
1.660617
1.927998
1.84936
2.180767
2.252715
2.262521
2.371923
2.460103
2.402185
1.982558
1.970649
2.292398
2.025796
2.015626
1.744003
1.704621
2.003882
1.904471
1.754587
1.639614
1.665658
1.806187
2.01233
1.985972
1.686135
1.6651
1.605654
1.541145
1.281647
1.435336
1.656763
2.201119
2.048111
1.755683
1.727058
1.808866
1.648135
1.50452
1.510456
1.785589
1.623332
1.497217
1.446057
1.406218
1.38273
1.70587
1.641348
1.840155
1.76765
1.812553
1.75378
1.687869
1.389836
1.564073
1.345817
1.784629
1.591206
1.718612
1.678908
1.779401
1.74153
1.814121
2.010875
1.810454
1.583168
1.621567
1.574634
1.700654
1.946327
2.501081
2.171987
1.896091
2.209507
1.936295
1.717079
1.671599
1.440313
1.273168
1.562256
1.717618
1.532241
1.451825
1.602164
1.723304
1.779489
1.753098
2.242566
1.993471
2.237176
1.953901
2.080232
2.241159
2.123756
2.122099
2.171802
1.858465
2.099421
2.141388
1.999165
2.457737
1.869201
1.919178
2.000019
1.908241
1.904525
2.01998
1.752002
1.707039
2.003404
1.953189
2.203323
2.161165
1.865908
1.815573
1.667812
1.545577
1.276165
1.291897
1.415532
1.797901
1.905197
1.823781
1.972749
1.838411
1.742966
1.789912
1.629981
1.493982
2.030284
1.925818
2.030818
1.701731
1.814333
1.857445
1.723965
2.098513
1.894157
2.262663
1.675188
1.540535
1.557832
1.293035
1.177354
1.43765
1.59199
1.834106
1.562766
1.99579
2.059728
2.270442
2.468543
2.331041
2.007812
2.065057
1.957193
2.101289
1.958248
2.010018
2.39046
2.051629
1.995891
1.926425
1.780457
1.751462
1.918329
2.094913
2.448356
2.0955
1.876313
1.642868
1.856299
1.621623
1.783324
1.829358
1.82908
1.716998
2.029359
2.230656
1.878445
1.630722
1.738612
1.890035
2.042906
1.405585
1.508996
1.75769
1.648099
1.554238
1.477337
1.449628
1.632829
1.788561
1.873349
1.616298
2.008783
1.586597
2.07281
1.900169
2.330778
2.38366
2.100172
1.598866
1.463508
1.379005
1.877815
1.961566
2.04139
1.600831
1.95436
2.043252
1.757912
1.783068
1.784666
1.509292
1.45081
1.489711
1.263392
1.329116
1.318783
1.156861
1.286527
1.564898
1.609602
1.857051
1.662372
1.846883
2.072875
1.887584
2.040318
1.996095
1.995962
2.211626
2.038114
2.008796
1.872531
1.660399
1.362273
1.35724
1.420121
1.676422
1.63397
1.528281
1.35998
1.157792
1.531879
1.84433
1.791066
2.012205
1.915877
1.65861
1.928108
1.909427
2.226402
2.161503
2.24897
1.96652
2.084627
2.060093
2.009549
2.08006
1.982196
2.035274
2.132072
2.228305
2.3041
1.93811
2.099648
1.854472
1.888596
1.735348
1.389319
1.415038
1.669583
1.858754
1.984011
1.967441
1.805431
2.220167
2.074954
2.230175
2.170171
2.384554
2.237372
1.933584
1.966469
1.911767
1.870708
1.658822
1.522417
1.587353
1.672751
1.85053
2.100351
1.779683
1.76719
1.776421
1.940352
2.266646
2.416528
2.227009
2.216545
1.765027
1.782205
1.642452
1.42481
1.484819
1.774099
1.59721
1.503633
1.447917
1.398057
1.882363
1.895459
1.765738
1.911787
2.065935
2.141314
1.993774
1.712866
1.472769
1.455663
1.701487
1.884987
2.154246
2.145281
1.78293
1.549053
1.399693
1.645298
1.738399
1.776551
1.832206
2.388486
2.240956
2.133406
2.014709
1.938462
2.043362
1.856874
1.455543
1.321743
1.644928
1.781783
2.03075
1.821218
1.926808
2.315663
2.460707
3.006011
2.675399
2.167515
1.906477
1.845761
1.713264
1.892033
1.96535
1.845801
2.049862
2.280564
2.16097
2.146335
2.142234
2.245817
1.86493
1.788416
1.862146
2.094348
1.833818
1.840754
1.646684
1.541211
1.768599
1.570228
1.912479
1.780844
1.609373
1.796964
1.772301
1.543919
1.704707
1.750246
1.891373
1.766314
1.636647
1.536148
1.597806
1.702936
1.900552
1.991406
2.000751
1.89387
1.615674
1.556017
1.509955
1.839576
2.183911
2.018502
1.926924
1.733449
1.317143
1.622381
1.960616
1.628177
1.451081
1.509199
1.501923
1.816539
1.787167
1.642599
1.787529
1.979253
1.826315
1.708566
1.658188
1.842772
1.89837
1.950735
1.676012
1.848607
1.842605
1.721929
1.760448
1.329523
1.524869
1.422284
1.652974
1.47078
1.721237
1.5449
1.452388
1.432881
1.798173
2.222388
2.22364
2.256386
2.123417
1.942132
1.926641
2.134582
2.152569
1.720484
2.616382
2.601306
2.216468
1.979118
2.184085
1.934612
2.316695
2.053291
1.85262
1.779521
1.985279
1.70706
1.616703
1.76033
1.929254
1.801569
1.780367
1.853527
1.992158
1.823578
1.673919
1.707667
1.734951
2.011089
2.186679
2.277739
2.27379
2.223242
1.898429
1.838977
1.739542
2.151034
1.784306
1.95657
1.830675
2.120996
1.967558
1.970716
1.719632
2.172007
2.179381
2.251869
2.11299
1.890607
1.672782
1.273306
1.653122
1.608448
1.670108
1.498239
1.742295
1.471607
1.960365
2.060837
1.805191
1.929255
1.786283
1.851459
1.651597
1.757223
1.641529
1.741735
1.953596
1.889611
1.689507
1.989975
2.175109
2.005984
1.962239
1.80739
1.88793
2.30656
2.38245
2.302051
2.143152
2.113895
1.987831
1.734975
1.46625
1.708644
1.658271
1.534916
1.834918
2.247716
2.388785
1.924104
2.07266
1.885202
1.794084
2.447047
1.892135
1.900106
2.087059
1.89345
1.744346
1.533013
1.774674
2.060188
1.739641
1.873334
1.798147
1.89109
2.211351
1.623617
1.895552
1.921671
1.794902
1.719081
1.555145
1.664192
1.932622
1.947457
2.30269
2.335143
2.088407
1.858236
2.031876
2.267802
1.950992
1.871375
2.055313
1.386622
1.540669
1.312012
1.354156
1.506551
1.503988
1.770565
1.980998
1.585056
1.68061
1.972608
2.379276
2.564516
2.134487
1.826663
1.485776
1.645646
2.32555
2.562055
1.937764
2.064198
2.013802
2.632791
2.493891
2.20853
1.732773
1.465873
1.385562
1.810133
1.793987
1.860476
2.012726
2.206964
2.15863
2.045323
1.93691
1.974278
2.115643
1.924084
1.749775
2.153316
2.243346
2.026778
2.044143
2.147178
2.004842
1.695574
1.516514
1.536691
1.874387
1.823809
2.108676
2.3352
2.209247
2.099363
1.987636
2.258243
1.890592
1.663765
1.649544
1.763693
2.007122
1.75539
1.733495
2.08711
1.847369
2.417848
1.99873
1.469157
1.39448
1.633017
1.581659
1.534588
1.73356
2.097439
2.595919
1.985725
2.027645
2.18617
1.733076
1.840227
1.707725
1.593664
1.969597
1.858649
1.748253
1.609596
1.648344
1.47081
1.328176
1.530007
1.532993
1.907894
1.645722
1.596307
1.706024
1.87106
2.034254
2.094439
2.416014
2.056243
2.262218
1.918309
2.134955
2.491026
1.799897
1.777159
1.937373
2.364252
1.671194
1.738478
1.771607
1.988545
1.640296
1.803403
1.752642
1.857153
2.310223
1.906323
1.973875
1.994111
1.865552
1.616854
1.425079
1.301112
1.737777
1.935636
2.091438
1.809972
2.203716
1.851847
1.642865
1.518594
1.831806
1.944503
2.213243
1.777991
1.818401
2.133486
1.957934
1.898293
1.94726
1.776506
1.965172
1.856697
1.747946
1.594264
1.530964
1.593478
1.618202
1.651508
1.628773
1.743824
1.869029
1.581986
1.693038
1.618534
1.927678
1.944629
1.82285
1.959824
2.173603
1.834894
1.82078
1.926742
2.588504
2.42449
2.101849
2.549356
2.372484
2.293739
2.099609
1.745758
1.935658
1.682347
1.950765
1.753779
1.646412
1.405661
1.641578
1.453843
1.670667
1.710409
1.689307
2.148224
1.911345
1.673697
1.682658
2.13952
1.695079
1.427925
1.994788
1.83847
1.509717
1.886543
1.963129
1.813829
1.878071
2.339258
2.179609
2.321492
1.970171
1.715762
1.693754
1.714027
1.864471
1.618776
1.786356
1.860706
1.790566
1.783167
1.781372
1.597785
1.813643
2.340575
2.200597
2.381265
2.036885
1.997031
1.930506
2.046067
2.010203
1.972992
2.100073
2.009312
2.097198
2.118994
1.646427
1.859244
1.997225
1.943819
2.150291
2.032491
1.885698
1.827009
1.79896
1.594871
1.758297
1.913008
1.774555
2.104295
1.747156
1.761353
1.954996
1.842816
2.163522
1.968954
2.375525
2.074452
1.693437
1.598165
1.529646
1.617751
1.772812
2.013082
2.373865
1.802217
1.792243
1.738792
1.540316
1.410311
1.506307
1.576466
1.593721
1.965849
2.120241
1.888831
1.774451
1.930498
2.220639
2.091189
1.699142
2.010955
2.099064
2.025355
1.60815
1.752066
1.768291
1.558155
1.651261
1.692469
1.79049
1.823948
1.719499
2.114649
2.04232
1.957286
1.824327
1.787407
1.514243
1.624566
1.715423
1.562129
1.619632
1.682655
2.094029
2.014474
1.687069
2.076406
2.023141
1.854876
1.723362
2.075264
1.976849
1.880243
1.669971
2.050345
1.930929
1.785354
1.955023
2.010525
2.163363
2.527622
2.14896
1.945642
2.278243
1.740465
1.622347
1.608358
1.38657
1.370729
1.521451
1.824818
1.51997
1.380982
1.398104
1.591082
1.949233
2.448124
1.87243
1.842819
2.006869
1.904496
2.058268
1.748927
1.905475
1.593174
1.440048
1.760608
1.626977
1.644264
1.739006
1.84699
2.339431
2.277886
2.150927
1.990944
1.902683
1.810044
1.926369
1.614005
1.91616
1.568351
1.649171
1.415035
1.747117
2.241513
1.863564
1.504523
1.45229
1.588712
1.383688
1.358245
1.613998
1.877932
1.802791
1.987104
1.854191
2.132696
1.771145
1.519895
1.625211
1.672745
1.364559
1.717889
2.154426
2.259125
1.776361
1.917343
1.851657
2.104352
1.673391
1.910302
2.084032
1.930911
1.950273
2.08663
2.079017
1.636344
1.452576
1.602557
1.984419
2.124308
2.043993
2.207089
1.932029
1.824915
1.640126
1.94485
1.968376
1.866751
2.031913
1.950079
1.976497
2.06991
1.780169
1.667354
1.475455
1.461184
1.99654
1.924987
1.864976
1.979589
1.729988
2.039576
2.727884
2.306421
2.019416
1.777845
1.567853
1.727272
1.660949
1.68286
1.731898
1.652748
1.697653
2.183483
2.467448
2.151269
2.047103
2.16669
1.943326
1.959421
1.817879
1.643716
1.650022
1.697322
2.124406
2.396118
2.386638
2.351977
2.225534
1.733042
1.576151
1.561418
1.561439
1.599387
1.728804
2.194772
1.932182
1.550926
1.551794
1.675194
2.114066
2.087393
2.042762
2.020987
1.797825
1.459003
1.962227
2.114407
1.971853
1.688138
1.532287
1.710778
1.414282
