1.722097
1.635376
1.746182
1.638137
2.164098
1.758587
1.979383
1.979126
1.647298
1.708452
2.102125
1.794676
2.069108
1.757731
1.758263
1.790422
1.876916
1.916343
1.809923
1.858369
1.956992
1.987039
2.019667
1.815518
1.87197
1.717891
1.78016
1.776113
1.939829
1.91404
1.856894
1.832968
1.899933
1.788816
1.676118
1.949319
1.874384
1.78346
1.776159
1.766449
1.992062
1.919142
1.948405
1.965055
1.781939
1.742363
1.822816
1.881514
1.787997
1.98572
1.880074
1.965441
1.873954
2.170989
1.922009
1.922733
1.923097
1.769849
1.998806
1.915524
1.993179
1.977439
1.946875
1.852201
1.99944
1.81648
1.775893
1.933431
1.876975
1.936258
1.786045
1.888987
1.995608
1.938474
1.724954
1.933895
1.866375
2.071754
2.021217
1.703425
1.763071
1.906665
1.770123
1.707188
1.78534
1.850552
1.864242
1.983852
1.753994
1.687909
1.885105
1.825597
1.959347
1.700921
1.761343
1.711261
1.879974
1.875425
1.862617
1.854483
1.939215
1.725073
1.682424
1.833326
1.617048
1.849011
1.662088
1.750269
1.557841
1.8905
1.665932
1.957388
1.76904
1.825722
1.898114
1.905008
1.874457
1.833848
1.936759
1.935437
1.90585
2.063905
1.98019
1.972396
1.652614
1.938841
1.70942
1.78651
1.864734
1.776988
1.909048
1.719323
1.610867
1.757642
1.704514
1.768873
1.724195
1.853932
1.851869
1.715214
1.7382
1.987614
1.877365
1.916921
1.891776
1.819281
1.950296
1.63529
1.807834
1.742621
1.766011
1.72816
1.736743
1.970135
1.871051
1.922677
1.916877
1.811655
2.042102
1.769245
2.000798
1.800973
1.899835
1.817812
1.827543
1.762447
1.881271
2.052597
1.912014
1.752555
1.804382
1.946657
1.969539
1.717802
1.831546
1.921294
1.906417
1.915294
1.85294
1.880025
2.097645
1.632927
1.790566
1.75626
1.840743
1.880481
1.828317
1.987543
1.909016
1.830271
1.69615
1.856747
1.882547
1.664111
1.699771
1.798556
1.816164
1.949345
1.872702
1.681779
1.743757
1.858081
1.933489
1.681755
1.652915
1.810556
1.940763
1.798253
2.097629
2.24778
1.937508
1.8415
1.800612
1.786657
1.908902
1.859844
1.848661
1.787972
1.859945
1.832203
1.687513
1.904585
1.887237
1.928308
1.801721
1.638234
1.830282
1.803543
1.81061
1.808167
1.864333
1.994249
1.833062
1.772972
1.854035
1.781995
1.752891
1.857112
1.828497
1.951525
1.736406
1.791342
1.8634
1.702695
1.775038
1.782137
1.734345
1.854284
1.834833
1.725298
1.745448
1.639196
1.850435
1.855482
1.732699
1.807713
2.002862
1.691245
1.843727
1.885884
1.776027
1.778503
1.80457
1.928024
1.897481
1.782173
1.823869
2.06241
1.817523
1.7961
1.851902
1.822091
1.870964
2.023207
1.766007
1.764789
1.935414
1.877191
1.88102
1.639419
1.805816
1.771354
1.78494
1.653927
1.750578
1.85401
1.935269
1.926426
2.124107
1.856965
1.896597
1.999608
1.889137
1.760007
1.841027
1.86534
1.821382
1.765804
1.662194
1.894777
1.685986
1.919813
1.880304
1.809894
1.82614
1.899413
1.922082
1.766059
1.791776
1.866876
1.886623
1.834018
1.951399
2.032352
1.860847
1.678795
1.844543
1.759976
1.817858
1.818335
1.923444
1.916677
1.633542
1.849892
2.000444
1.931884
1.886915
1.74306
1.956448
1.774554
1.83331
1.934793
1.785965
1.922943
1.958844
1.791104
1.790971
1.651221
1.933936
1.928619
1.761877
1.730963
1.705286
1.614222
1.594051
1.803702
1.768633
1.870424
1.726242
1.607913
1.70345
1.908984
1.838947
1.924953
1.926571
1.729592
1.733582
1.776605
1.758225
1.884151
1.85159
1.739234
1.931668
1.853843
2.006585
1.816898
2.025837
1.816043
2.062155
1.998155
2.001772
1.872888
2.057285
1.842972
1.845754
1.696018
2.049699
1.965654
1.693271
1.782893
1.665803
1.666
1.894234
1.825015
1.812965
1.677966
1.946563
1.913198
1.723934
1.92747
1.843227
1.752379
1.847733
1.942132
1.817962
1.89542
2.067965
1.797964
1.839741
2.053227
1.804383
2.015523
1.887681
1.948674
1.919388
2.062673
2.056146
2.023716
1.851464
2.006704
1.857645
1.88719
1.869442
1.733945
1.64484
1.777314
1.755428
1.742387
1.827114
1.805493
1.697302
1.74372
1.746832
1.865147
1.668674
1.856691
1.911857
1.835862
1.816006
1.607966
1.948069
1.892986
1.81287
1.887714
1.980316
1.892665
1.832704
1.83823
1.84901
2.019703
1.638547
1.776563
1.943734
1.928635
1.749386
1.816926
1.711482
1.803111
1.91472
1.623185
1.767999
1.876139
1.775778
1.821064
1.95421
1.758049
1.968338
1.776867
1.89092
1.808414
1.794415
1.763771
1.909073
1.770041
1.894496
1.743385
1.777289
1.979236
1.828887
2.13068
1.940967
1.901907
2.019155
1.925975
1.796312
1.799011
1.892895
1.930039
2.066579
1.647647
1.541841
1.90176
1.931026
1.93935
1.865141
1.778346
1.99463
1.802642
1.817723
1.933062
1.763972
1.76725
1.902125
1.960662
1.762071
1.829934
1.687487
1.88775
1.830978
1.828164
1.838904
1.825459
1.777612
1.862627
1.929686
1.880684
1.991701
1.764256
1.863893
1.779546
1.992852
2.010772
1.959764
1.96823
1.697916
1.718957
1.867848
1.752966
1.746479
1.662697
1.81323
2.095437
1.83871
1.906102
1.935658
1.84762
1.745754
1.806777
1.814549
1.844024
1.946338
1.845201
1.894332
1.959312
2.027863
2.073114
1.899088
2.092366
1.94235
1.997941
1.943769
1.828148
2.017281
2.025919
2.045112
1.91593
2.0422
2.115146
1.855044
1.951502
2.066469
1.941688
1.915101
2.129758
1.915125
1.937724
1.603788
1.814134
1.691562
1.929094
1.918901
1.794876
1.837895
1.62
1.743763
1.784629
1.908367
2.111926
1.796393
1.876407
1.889658
2.142028
1.874393
1.999265
1.849055
1.908473
1.925646
1.803057
1.999032
1.911416
1.908036
2.08431
1.813384
1.954455
1.957908
1.958369
1.946386
1.955367
1.891086
1.870768
1.923984
1.7102
1.789502
1.784721
1.714861
1.877248
1.500648
1.658924
1.8401
1.929952
2.164003
1.898695
1.890767
1.932513
1.776825
1.783364
1.91692
1.7201
1.845155
1.679449
1.933158
1.812568
1.687808
1.78941
1.825054
1.882123
1.854565
1.794309
1.835373
2.003706
2.094374
2.14732
1.925138
1.839703
1.85654
1.785974
1.653069
1.668323
1.826376
1.679324
1.732548
1.841332
1.666186
1.667062
1.62255
1.686553
1.745538
1.78631
1.562017
1.967467
1.782529
1.647647
1.706284
1.47735
1.934731
1.80613
1.949332
1.759991
1.760754
1.885194
1.922271
2.042412
2.040485
1.685083
1.723973
1.825758
1.844138
1.6925
1.931474
1.983057
1.789419
2.01526
1.829512
1.77311
1.836498
2.031712
1.989105
1.977839
1.65503
1.724634
1.821927
1.873499
1.698437
1.774486
1.687005
1.702073
1.772711
1.890567
1.880294
1.833692
1.677501
1.993942
2.041921
2.135043
1.912931
1.942436
1.894077
1.81992
2.018627
1.81184
1.762196
1.702605
1.722038
1.883536
2.010135
2.095627
1.889242
1.915101
1.869727
1.729037
1.91785
1.913298
1.83534
1.977564
1.863404
1.926577
1.992583
2.015706
2.019096
1.834963
1.918713
1.806973
1.744342
1.775249
1.785352
1.788213
1.901072
1.917081
1.94314
1.879888
2.150477
1.964863
1.883779
1.731488
1.908155
1.6912
1.655883
1.866461
1.744336
1.826994
1.864654
1.90171
1.855157
2.095148
1.941185
1.807794
1.781127
1.693189
2.032739
1.766959
1.803697
1.99737
1.90521
1.836948
1.966486
1.742843
1.672294
1.702099
1.841603
1.781333
1.717728
1.71672
1.811061
1.593035
1.754211
1.851566
1.819811
2.169272
1.957643
1.968506
1.926054
1.773289
1.661219
1.78932
1.826666
1.817569
1.82657
1.941538
1.845799
2.012295
1.907501
2.027384
1.821973
2.009378
1.81171
1.844766
1.697169
1.796433
1.808472
1.637878
1.580805
1.699744
1.742078
1.681968
1.618554
1.898834
1.742701
1.744058
1.8043
1.83206
1.882045
1.745525
1.969513
1.828869
1.868262
1.910265
1.797676
1.87458
1.635171
1.969288
1.943109
2.053681
1.865981
1.920313
1.881208
1.855383
1.777073
1.674109
1.900375
1.820809
1.722615
1.946458
1.829768
1.794376
1.762152
2.016115
1.830159
1.838104
1.897666
1.984824
1.873791
1.854405
1.895482
1.759828
1.903998
1.876339
2.001596
1.99725
1.817775
1.829447
1.941362
1.940145
1.742866
1.92417
1.836451
1.723145
1.776453
1.828267
1.684182
1.756615
1.830613
1.608163
1.834345
1.817748
1.813667
1.84867
1.941745
1.858403
1.820699
1.866744
1.952632
1.861438
1.915752
1.80973
2.004722
1.731196
1.836968
1.850269
1.954805
1.919111
1.866906
1.719165
1.923864
1.816979
1.898572
1.856626
1.661722
1.850857
1.670616
1.823505
1.757508
1.846191
1.658097
1.872585
2.043579
1.778973
1.852701
1.807805
1.798588
1.77814
1.854461
1.833015
2.057283
1.661614
1.890711
1.876174
1.761329
2.084386
1.91561
1.829412
1.763302
1.877825
1.84748
1.901253
1.736035
1.687134
1.668582
1.952341
1.638155
1.827121
1.685505
1.903192
2.028512
1.87804
1.758195
1.904682
1.885105
1.78415
1.780442
1.902212
1.772222
1.902481
1.824752
1.916207
1.773788
2.049634
1.745548
1.852057
1.945767
1.984968
2.030786
1.89951
1.834067
2.075055
1.821926
1.818595
1.848158
1.87579
1.914434
1.931002
1.757766
2.076019
1.797335
1.952407
2.060521
1.734323
1.8244
1.721543
2.018732
1.668576
1.786953
1.839253
1.83332
1.728789
1.785156
1.739816
1.663972
1.961536
2.004855
1.909479
1.798518
1.815854
1.848965
1.85742
1.768779
1.726882
1.829282
2.154873
1.928285
1.857352
1.902916
1.99295
1.968522
1.753947
1.905458
1.760746
1.765666
1.98418
1.860313
1.952853
2.055257
1.717035
1.933362
1.752409
1.884873
1.747909
1.900312
1.938852
2.048388
2.115694
1.939525
1.985035
1.801111
1.900405
1.805957
1.778235
1.681862
1.805958
1.872523
1.936699
2.017783
1.820947
1.859851
1.875572
1.831499
1.903294
1.777979
2.11585
1.942798
1.701057
1.71642
1.876805
1.74505
1.8852
2.009169
1.731397
1.933438
1.898517
1.855837
1.849753
1.904491
1.601761
1.754751
1.736596
1.887535
1.86318
1.92388
1.993029
1.868555
1.871219
1.808238
1.907538
1.742808
1.617032
1.805535
1.786263
1.832645
1.813483
1.722849
1.901476
1.872699
1.950966
2.02991
1.901475
1.82532
1.872976
1.561122
1.793011
1.923231
1.735574
1.83519
1.624855
1.719105
1.771864
1.827768
1.708621
1.843567
1.892843
1.908551
1.944753
1.967591
1.853747
1.806986
2.088312
1.884182
1.781841
2.132188
1.842321
1.932405
1.812643
1.939313
1.897988
1.742566
1.891149
1.80444
1.971217
1.655201
1.717627
1.868437
1.825486
1.741111
1.66674
1.7964
1.812091
1.907738
1.703209
1.952208
1.777826
1.807518
1.904242
1.831481
1.964255
1.860836
1.757177
1.854973
1.738359
1.758342
1.651741
1.830832
1.814172
1.872226
1.810785
1.807525
2.016907
1.916861
1.852873
1.635339
1.887146
1.699717
1.900551
1.778377
1.80686
1.849087
1.979841
1.803894
1.941278
1.870063
1.92243
1.953372
1.907686
1.818129
1.805272
1.885848
1.737618
1.802968
1.798144
1.810493
1.703415
1.704991
1.947323
1.891561
1.730545
1.83658
2.146567
2.083052
1.983446
1.962325
1.827891
1.66698
1.831126
1.771232
1.916258
1.907651
1.823341
2.02139
1.708175
1.994531
1.920505
1.963978
1.994904
1.937734
1.862157
1.796937
1.877089
1.770121
1.924051
1.813607
1.898257
1.822722
1.872004
1.909228
1.775475
1.725364
2.094093
1.779961
1.925637
1.874243
1.990434
1.936279
1.824512
1.848654
1.888037
1.867391
1.731027
1.87844
1.768466
1.833325
1.716433
1.722341
1.887918
1.83311
1.708313
1.98954
2.104025
1.815511
1.818444
1.99128
1.965042
1.836478
1.800538
1.769529
1.838383
1.867124
1.946793
1.855424
1.878211
1.895465
1.842572
1.909421
1.805288
1.966605
1.813015
2.033851
2.069337
2.123958
1.748681
1.824166
1.824902
1.851014
1.836562
