13.86088
13.96993
13.67945
13.92243
14.00524
13.84024
13.95824
13.71705
13.66901
13.90477
13.91731
13.82797
13.73322
13.99608
13.84507
13.63601
13.84816
13.71932
13.84194
13.88557
13.82643
13.76985
13.94379
13.67225
13.94485
13.93624
13.63859
13.92931
13.90672
13.80852
13.68499
13.76958
13.84366
13.8671
13.60996
13.99637
13.70111
13.70758
13.84477
13.60879
13.88417
13.79303
13.7919
13.77456
13.63054
13.70666
13.65762
13.90774
13.81911
13.90167
13.9054
13.75939
13.7479
13.6978
13.93136
13.70768
13.73093
13.73529
13.80535
13.87463
13.82541
13.70509
13.7858
13.81104
13.76378
13.69873
13.95336
13.9652
13.70559
13.84563
13.79961
13.93163
13.73979
13.76613
13.85209
13.85772
13.94869
13.97083
13.87392
13.82399
13.7038
13.71296
13.87896
13.67807
13.73479
14.09521
13.87311
14.05024
13.63965
13.87
13.79345
13.75882
13.84248
13.84205
13.9252
13.71054
13.66315
13.59115
13.90314
13.69746
13.97141
13.78249
13.84736
13.72422
14.00329
14.01704
13.85348
13.83053
13.68458
13.69348
13.70869
13.88378
13.72379
13.92034
13.71763
13.9568
13.77378
13.71551
13.97855
13.88089
13.92958
13.69745
13.82689
13.69206
13.86454
13.86177
13.89566
13.85436
13.69822
13.83919
13.66978
13.7773
13.87733
13.70024
13.86783
13.79727
13.89712
13.81155
13.77054
13.83918
13.73019
13.95183
13.83646
13.89337
13.75662
13.77754
13.70136
13.7952
13.94968
13.77327
13.93398
13.88546
13.46413
13.86788
13.82951
13.74543
13.75735
13.90184
13.6749
13.8474
13.96987
13.80981
13.58626
13.8168
13.83072
13.80098
13.73098
13.79967
13.96415
13.61252
13.79494
13.79835
13.86615
13.63534
13.69561
13.46056
13.73645
13.92838
13.7737
13.77475
13.83248
13.79594
13.88403
13.81835
13.69485
13.77773
13.86348
13.77475
13.9567
13.77161
13.67525
13.9147
13.88712
14.06738
13.93443
13.71941
13.80302
13.87967
13.94086
13.82854
13.63989
13.98271
13.58624
13.85677
13.59514
13.76049
13.86115
13.81601
13.58949
13.84413
13.80813
14.03617
13.78215
13.78148
13.83332
14.02387
13.88295
13.89889
13.92894
13.8269
13.83671
13.84719
13.67777
13.69302
13.73858
13.86591
13.9752
13.86651
13.73804
13.60572
13.84
13.84719
13.68019
13.83278
13.75489
13.88537
13.78458
13.76853
13.81595
13.77872
13.88337
13.7926
13.85559
13.79243
13.69625
13.86542
13.81617
13.87292
13.76107
13.83231
13.7468
13.68791
13.75157
13.68862
13.97789
13.66676
13.72005
13.79713
13.93489
13.96713
13.91437
13.87867
13.73618
13.98637
13.5499
13.84274
13.68073
13.79389
13.68799
13.82938
13.8636
13.8347
13.85652
13.80591
13.74663
13.86577
13.82222
13.80671
13.76002
13.82344
13.61376
13.90811
13.76868
13.57841
13.89673
14.01769
13.76843
13.91196
13.81652
13.86626
13.80984
13.75255
13.70891
13.77292
13.84127
13.81554
13.74693
13.75347
13.92906
13.68783
13.9232
13.61058
13.63237
13.91544
13.67326
13.70136
13.75575
13.76919
13.83681
13.90747
13.91649
13.86679
13.96765
13.71185
13.63709
13.69198
13.96992
13.90064
13.80219
13.74631
13.707
13.86031
13.82405
14.0542
13.84899
13.74907
13.99855
13.7922
13.80944
13.73099
14.0173
13.89752
13.6354
13.78191
13.74747
13.94141
13.94093
13.60823
13.89478
13.97116
13.9014
14.07666
13.90593
13.74472
13.73587
13.87092
13.71801
13.72538
13.77611
13.68115
13.69216
13.85254
13.72626
13.72743
13.84388
13.79049
13.94541
13.842
13.93267
13.74481
13.61936
13.93551
13.90476
13.94025
13.62777
13.70542
13.66985
13.68713
13.85012
13.90227
13.69772
13.84059
13.9097
13.79363
13.96089
13.77796
13.62923
13.92493
14.03793
13.82842
13.72868
13.83077
13.80059
13.76967
13.88467
13.6993
13.8574
13.74734
13.84124
14.05597
13.74085
13.81721
13.85728
13.78038
13.74799
13.88263
13.77273
13.72055
13.7972
13.69142
13.71129
13.86947
13.73954
13.81676
13.764
13.9739
13.73052
13.97643
13.82068
13.87497
13.82987
13.69331
13.82653
13.86759
13.76095
13.89005
13.8399
13.8921
14.02973
13.81073
13.81691
13.81378
13.94054
13.93659
13.72316
13.55392
13.81907
13.81996
13.82734
13.85144
13.68427
13.73784
13.79087
13.9409
13.78578
13.88975
13.80789
13.70357
13.92988
13.89446
13.8488
13.84331
13.77403
14.0379
13.6687
13.79693
13.88137
14.04177
13.76791
13.85009
13.71297
13.88995
13.99298
13.92164
13.59121
13.83135
13.90459
13.90224
13.83061
13.95131
13.91118
13.83927
13.74143
13.6947
13.60846
13.85456
13.74654
13.60854
13.72471
13.83301
13.79116
13.7681
13.89652
13.84135
13.66229
13.82376
13.82676
13.78716
13.78076
13.83888
13.92421
13.58719
13.77178
13.88539
13.90171
13.79047
13.98624
13.67371
13.82807
13.91441
13.9385
13.80799
13.59701
13.79537
13.86197
13.83256
13.7522
13.7261
13.78643
13.77568
13.63498
13.80817
13.88007
13.88735
13.77347
13.66771
13.7426
13.8512
13.76883
13.67217
13.6325
13.63548
13.74971
13.83268
13.82149
13.85874
13.83392
13.83173
13.85032
13.97567
13.72853
13.907
13.82926
13.77851
13.78229
13.72323
13.82037
13.77391
13.90997
13.71037
13.88674
13.68292
13.79707
13.73639
13.81551
13.86339
13.87824
13.62205
13.9149
13.70651
13.79206
13.78883
13.89658
13.80883
13.71787
13.68358
13.79864
13.96068
13.79134
13.83617
13.75706
13.83153
13.9083
13.82436
13.70519
13.82325
13.85179
13.77317
13.69828
13.75291
13.8048
13.85243
13.93818
13.78898
13.66716
13.73458
13.73515
13.85049
13.88706
13.81956
13.81194
13.61872
13.5628
13.73489
13.89245
13.78399
13.89084
13.90766
13.82567
13.66607
13.7787
13.9651
13.8957
14.1475
14.04065
13.85319
13.71691
13.7817
13.97864
13.67382
13.66144
13.83024
13.86757
13.76862
13.90151
13.83367
13.61338
13.86827
13.81438
13.76332
13.84139
13.52113
13.98399
13.92565
13.96512
13.94409
13.75524
13.79636
13.85888
13.56796
13.9733
13.87445
13.96427
13.78019
13.79735
13.94701
13.80541
13.65963
14.0607
13.79815
13.961
13.7024
13.57496
13.65029
13.84478
13.77595
13.8439
13.89088
13.71442
13.66689
13.8071
13.87393
13.61662
13.91233
13.84081
13.86132
13.82898
13.96289
13.94519
13.78761
13.96487
13.92921
13.7607
13.80579
14.01854
13.75284
13.93321
13.7885
13.8878
13.91348
13.72622
13.78079
14.05877
13.58777
13.80747
13.89655
13.79158
13.75461
13.9471
13.88329
13.87999
13.62968
13.68431
13.84664
13.8073
13.89351
14.02168
13.93782
13.75591
13.66884
13.85417
13.92133
13.62196
13.8798
13.76192
13.90624
13.6681
13.92398
13.88288
13.78876
13.96633
13.92077
13.98122
14.01379
13.92922
13.86044
14.01984
13.53522
13.90951
13.74212
13.80797
13.77243
13.97658
13.62183
13.73533
13.74995
13.91255
13.73523
13.68382
13.73703
13.79573
13.90774
13.8952
13.9621
13.71368
13.92296
13.78379
13.78881
13.8119
13.91944
13.87422
13.91515
13.98548
13.85836
13.92009
13.7497
13.77014
13.7589
13.89859
13.6551
13.82942
13.92524
13.71574
13.61221
13.79124
13.86598
13.66308
13.74837
13.68332
13.93424
13.90576
13.62439
13.39403
13.92766
13.97338
13.7848
13.83623
13.68227
13.69768
13.80367
13.84948
13.88817
13.85317
13.50939
13.89702
13.75916
13.82914
13.66866
13.96503
13.86428
13.99
13.86586
13.94354
13.88073
13.87983
13.95391
13.81528
13.83208
13.82941
13.71857
13.95458
13.74067
13.64792
13.83189
13.96871
13.87715
13.95134
13.6669
13.58111
13.97281
13.80676
13.68692
13.66964
13.92943
13.73524
13.72042
14.07244
13.85262
13.89
13.66903
13.91818
13.705
13.72826
13.88253
13.65905
13.77017
13.72645
13.91174
13.74204
13.93548
13.80108
13.70381
13.73062
13.77671
14.03891
13.91752
13.85553
13.88134
13.64928
13.8504
13.74708
13.66647
13.86299
13.72991
13.70751
13.64883
13.84993
13.87269
13.93141
13.90145
13.93041
13.84791
13.64913
13.90936
13.75087
13.68721
13.74337
13.89407
13.81348
13.88117
13.7107
13.81917
13.82305
13.57986
13.80853
13.92852
13.81282
13.90801
13.78792
13.60788
13.83319
13.7747
13.96157
13.88419
13.92196
13.80607
13.84774
13.81111
13.71851
13.77812
13.99135
13.96407
13.76777
13.81406
13.74325
13.88585
13.91036
13.65677
13.95581
13.95597
13.77466
13.75004
13.82749
13.80972
13.75849
13.7469
13.9595
13.57128
13.89869
13.88567
13.65638
13.91998
13.79137
13.68927
13.6432
13.74889
13.69365
13.73553
13.74097
13.88137
13.77995
13.81945
13.74419
13.7161
13.69416
13.83949
13.80936
14.00592
13.9058
13.87631
13.59992
13.80201
13.78459
13.83229
13.89217
13.9278
13.94671
13.63025
13.72999
13.62243
13.59363
13.96946
13.9175
13.68929
13.88091
13.69889
13.88395
13.64412
13.8073
13.59361
13.88454
13.77267
13.72048
13.90226
13.81815
13.79273
13.70806
13.7598
13.75323
13.81385
14.02154
13.74235
13.71287
13.7939
13.62748
13.76149
14.04024
13.91749
13.64917
13.52924
13.99113
13.83688
13.77495
13.74378
13.72149
13.98115
13.70455
13.72309
13.71602
13.7533
13.93106
13.8969
13.92977
13.50539
13.77178
13.86398
13.79973
13.83469
13.83321
13.93679
13.87952
13.86142
13.80991
13.92777
13.78167
13.60424
13.84871
13.79541
13.62
13.69693
13.89427
13.94507
13.69786
13.91156
13.74955
13.83842
13.7803
13.87861
13.85922
13.79905
13.84762
13.79737
13.73915
13.90051
13.77568
13.91374
13.66343
13.55241
13.92876
13.8475
13.88754
13.69162
13.67666
13.99721
13.79232
13.64643
13.87496
13.87313
13.82134
13.77604
13.75932
13.91064
13.71368
13.67877
13.81804
13.79139
14.00403
13.60062
13.7727
13.83163
13.82985
13.87407
13.86223
13.81566
13.8166
13.96423
13.70173
13.95214
13.85265
13.71164
13.74357
13.87398
13.91812
13.79661
14.01534
13.67889
13.82313
13.76775
13.98342
13.94442
13.73
13.96586
14.05183
13.79277
13.85233
13.54805
13.86028
13.85881
14.01352
13.85671
13.65775
13.61871
13.89397
13.80097
13.9679
13.77962
13.75871
13.88148
13.67121
13.72166
13.92235
13.79329
13.58552
13.82087
13.85134
13.7503
13.84522
13.78348
13.65264
13.90162
13.67333
13.90758
13.87277
13.87313
13.80483
13.62178
13.8649
13.85474
13.6977
13.85842
13.93483
13.83849
13.70977
13.65625
13.83387
13.83744
13.85918
13.90362
13.87346
13.73603
13.77289
14.02705
13.87551
13.61271
13.93936
13.81969
13.79082
13.88141
13.74299
13.79884
13.90647
13.87419
13.62462
13.89318
13.80876
13.69783
13.90233
13.86599
13.77183
14.14015
13.91474
13.93527
13.64488
13.77056
13.98257
13.93049
13.86964
13.82541
13.74499
13.85757
13.69511
13.70628
13.9391
13.89169
13.73664
13.83891
13.77668
13.77944
13.76736
14.07955
13.91427
13.65706
13.71374
13.88075
13.81117
13.69249
13.75309
13.81511
13.74102
13.79507
13.63478
13.7375
13.73269
13.8057
13.8648
13.83336
13.90763
13.88347
13.84536
13.66699
13.80298
13.9383
14.05574
13.85799
13.83067
13.78449
14.04535
14.0339
13.71798
13.67331
13.95522
13.57501
13.86765
13.64436
13.73262
13.85546
13.86249
13.89953
13.87757
13.96296
13.89001
13.9986
13.81719
13.81484
13.92503
13.73759
13.80381
13.65078
13.75029
13.66186
13.93026
13.65654
13.80424
13.71032
13.81441
13.9086
13.87722
13.80674
13.74283
13.85214
13.69125
13.69502
13.96236
13.8599
13.6757
13.69978
13.64908
13.73318
13.785
13.62
13.95066
13.88082
13.84243
14.02683
13.87575
14.03722
13.92031
13.69145
13.81162
13.74665
13.79162
13.88527
13.93069
13.79803
13.87337
13.93691
13.66306
13.89941
13.88127
13.82472
13.76854
13.70799
13.78691
14.04076
13.8402
13.58348
13.62444
13.66493
13.92409
13.976
13.88872
13.81059
13.66401
13.65708
13.63809
13.69281
13.86412
13.99685
13.87219
14.11843
13.63619
13.93343
13.5774
13.69942
13.81246
13.83094
13.75556
13.83293
13.64873
13.74457
13.78578
13.59454
13.68173
13.75149
13.74367
13.84836
13.62555
13.8778
13.92205
13.71756
13.84336
13.80469
13.91129
13.7413
13.92749
13.78497
13.94651
13.7795
13.86178
13.73725
13.67505
13.64224
13.87214
13.94568
14.00524
13.85694
13.81716
13.8757
13.81979
13.78682
13.75246
13.77148
13.87408
13.98236
13.78835
13.87143
13.82412
13.81881
13.96066
13.7782
13.74188
13.8044
13.85529
13.9613
13.86729
13.81165
13.92923
13.90957
13.89463
13.70412
13.80509
13.72122
13.95097
13.87039
13.76596
13.86396
13.80343
13.75088
13.80089
13.75785
13.88313
13.94063
13.90814
13.86601
13.43519
13.82332
13.96148
13.79177
13.96814
13.57281
13.78211
13.84742
13.86371
13.55723
13.82933
13.83101
13.64085
13.86133
13.84856
13.71703
14.05957
13.85686
13.67863
13.77862
13.70914
14.00592
13.69552
13.63292
13.8198
13.81154
13.97431
13.74253
13.91719
13.56829
13.79149
13.93379
13.72213
13.72547
13.63274
13.74911
13.73188
13.95464
13.78233
13.91219
13.70248
13.78335
13.73386
13.9063
13.65297
13.78252
13.75125
13.8146
13.91217
13.91726
13.69008
13.73551
13.88579
13.7106
13.81355
13.81586
13.671
13.77813
13.77411
13.88166
13.9483
13.73185
13.9401
13.75852
13.86036
13.86138
13.82184
13.8386
13.55844
13.89141
13.62263
13.76418
13.90525
13.82646
13.68566
13.73537
13.76263
13.62656
13.78869
13.79082
13.86654
13.67734
13.79769
13.84344
13.77608
13.7317
13.72769
13.78145
13.83301
13.91268
13.876
13.85955
13.82263
13.79889
13.7515
13.7107
13.70075
13.93428
13.80776
14.00831
13.82427
13.8274
13.79794
13.794
13.59365
13.81426
13.96357
13.76476
13.915
13.72338
13.80936
13.87831
13.7914
13.89364
13.92092
13.73692
13.66274
13.70758
13.80591
13.90141
13.60106
13.8731
13.84753
13.87666
13.83725
13.77639
13.85771
13.91812
13.6661
13.86883
13.69924
13.80559
13.66403
13.9083
13.87934
13.75958
13.75245
13.68081
13.82511
13.7945
13.68556
13.752
13.73597
13.84529
13.72406
13.70493
13.96292
13.7499
13.81982
14.00012
13.87728
13.80697
13.49261
13.86263
13.85553
13.87339
13.76878
13.73194
14.08046
13.79691
13.91006
13.58737
13.82297
13.78279
13.78796
13.98056
13.70044
13.77174
13.80413
13.82607
13.78464
13.78883
13.7819
13.64215
13.81516
13.88998
13.89316
13.9601
13.65336
13.83991
13.88023
13.85992
13.66252
13.95438
13.81
13.74282
13.73519
13.88085
13.78365
13.69179
13.7045
13.8852
13.94382
13.85506
13.63573
13.77446
13.64289
13.72789
13.88644
13.77222
13.94239
13.84085
13.63372
13.72678
13.73855
13.75284
13.83014
13.69194
13.96582
13.78251
13.83056
13.75577
13.82991
13.69919
13.80701
13.93784
13.73962
13.81585
13.74854
13.98034
13.72025
13.85477
13.89777
13.8416
13.76004
13.79519
13.75657
13.8913
13.86573
13.83938
13.83517
13.84841
13.72595
13.74576
13.77638
13.71757
13.73123
13.81757
13.83036
13.8006
13.70978
13.77211
13.77584
13.67757
13.69998
13.80931
13.87003
13.90467
13.82726
13.83421
13.86475
13.84949
13.80648
13.91312
13.73858
13.77356
13.79732
13.69989
13.81923
13.93858
13.86095
13.6408
13.92143
13.71411
13.83337
13.71743
14.03795
13.90508
13.77986
13.77587
13.95959
13.84454
13.80701
13.7411
13.99238
13.93334
13.60263
13.81641
13.86903
13.82185
13.76211
13.93999
13.70044
13.7251
13.74785
13.78692
13.86448
13.80997
13.95859
14.01067
13.77322
13.72183
14.07109
13.83585
13.90543
13.89393
13.9211
13.64833
13.76117
13.83841
13.88573
13.78664
14.03525
13.7163
13.93526
13.65015
13.89019
13.76776
13.75605
13.62528
13.78068
13.62435
13.71408
13.86119
13.79197
13.87706
13.83027
13.79797
13.65204
13.79856
13.78184
13.67646
13.87572
13.90389
13.7342
13.86615
13.71628
13.61684
13.89217
13.75631
13.87444
13.82192
13.81244
13.84108
13.69571
13.90297
13.66031
13.6838
13.92748
13.66085
13.92784
13.81196
13.96223
13.79561
13.80076
13.85338
13.80595
13.74407
13.96215
13.80383
13.86209
13.87486
13.78409
13.90741
13.89233
13.7336
13.87122
13.84918
13.95907
13.75515
13.91939
13.6241
13.71596
13.68238
13.90394
13.80006
13.71761
13.79132
13.90979
13.9261
13.70182
13.98919
13.83358
13.89559
13.73499
13.6912
13.79196
13.46157
13.62657
13.92671
13.80925
13.71683
13.72786
13.92465
13.88533
13.81262
13.80973
13.61358
13.79775
13.7209
13.81081
13.88795
13.9286
13.82742
13.74148
13.76333
13.85344
13.76029
13.81591
13.69044
13.82661
13.82597
13.78614
13.81192
13.88639
13.75797
13.75665
13.74097
13.62095
13.53869
13.71416
13.91009
14.0199
13.81541
13.85953
13.90589
13.84843
13.6356
13.76312
13.81256
13.85516
13.92896
13.67832
13.97905
13.79011
13.85194
13.75862
13.69635
13.81888
13.78762
13.62604
13.78736
13.93715
13.74921
13.72849
13.68031
13.79221
13.87893
13.65568
13.71276
13.81025
13.96608
13.78194
13.82329
13.84995
13.79302
14.02232
13.89018
13.59297
13.7523
13.79262
13.81659
13.9932
13.91727
13.82833
13.77179
13.74338
13.94118
13.73993
13.88759
14.00974
13.85867
13.82646
13.81568
14.02856
13.8603
13.65731
13.74313
13.80707
13.92192
13.74191
13.78001
13.70986
13.84468
13.82512
13.78301
14.02549
13.78634
13.94209
13.78147
13.64475
13.99336
13.7628
13.91578
13.94197
13.75815
13.87884
13.75311
13.80549
13.87477
13.77534
13.80745
13.87815
13.7873
13.85363
13.80649
13.71563
13.7735
13.9219
13.80495
13.74556
13.77992
13.86888
13.79712
13.70144
13.78736
13.66031
13.99844
13.77498
13.83436
13.97592
13.69414
13.90872
13.93553
13.66292
13.85865
13.77669
13.75426
13.9381
13.7929
13.73033
13.84488
13.55612
13.79034
13.96531
13.65264
13.75305
13.92004
13.82127
13.809
13.94324
13.73384
13.64952
13.74378
13.74507
13.85537
13.78492
13.87147
13.80495
13.59872
14.00012
13.75802
13.90437
13.77183
14.0088
13.84376
13.8406
13.75136
13.96314
13.75721
13.70996
13.68386
13.82099
13.45025
13.81451
13.90964
13.72113
13.92982
13.75274
13.97333
13.94278
13.82687
13.80703
13.97908
13.59002
13.85422
13.56072
13.86247
13.87178
13.75752
13.75556
13.83194
13.55286
13.90075
13.91629
13.72992
14.01688
13.8197
13.57478
14.02128
13.76474
13.7706
13.88898
13.7581
13.70654
13.72507
13.67792
13.81009
13.93061
13.72638
13.85413
13.66342
13.78311
13.71111
13.88779
13.97163
13.80566
13.62591
13.85963
13.63711
13.73894
13.67487
13.78604
13.74262
13.62498
13.71395
13.6992
13.82785
13.81739
13.77396
13.76473
13.61196
13.81663
13.99274
13.73592
13.83901
13.91316
13.97313
13.88459
13.84436
13.7823
13.62894
13.796
13.98241
13.84959
13.92636
13.68732
13.59794
13.88799
13.76425
13.73549
13.77115
13.89188
13.75401
13.70804
13.78891
13.79196
13.75118
13.86234
13.8977
13.79858
13.77905
13.87098
13.84659
13.81546
13.82051
13.8763
13.97745
14.02842
13.81339
13.76587
13.92467
13.72181
13.71291
13.89107
13.78786
13.66134
13.80678
13.92783
13.89105
13.72735
13.7001
13.56932
13.73026
13.75925
13.97112
13.86162
13.74293
13.82043
13.80698
13.86365
13.71806
13.84136
13.87374
13.83862
13.92674
13.9339
13.6655
13.78098
14.00003
13.59104
13.78835
13.97761
13.64645
13.7589
13.8062
13.88701
13.87138
13.77814
13.82913
13.89598
13.83856
13.67532
13.85876
13.88817
13.89893
13.85319
14.02211
13.79493
13.78744
13.85662
13.86969
13.79298
13.75511
13.7107
13.70172
13.70057
13.80096
13.94345
13.79894
14.0165
13.74459
13.74483
13.77744
13.82187
13.91549
13.7856
13.66779
13.84964
13.82727
13.86134
13.77089
13.8572
13.60154
13.70517
13.91646
13.73419
13.78127
13.92262
14.08974
13.93556
13.82455
13.81673
13.81007
13.66671
13.73001
13.84615
13.79784
13.71319
13.75463
13.67538
13.91787
13.86507
13.68722
13.88566
13.65239
13.65455
13.77874
13.88735
13.83902
13.76592
13.67665
13.62215
13.73514
13.79401
13.87276
13.8534
13.56461
13.65334
13.85978
13.87217
13.72038
13.86295
13.6492
13.57164
13.90774
13.87963
13.88485
13.98494
13.81715
13.61692
13.73299
13.85827
13.82793
14.15803
13.83723
13.8749
13.6369
13.86391
13.59719
13.7341
13.80652
13.7797
13.79165
13.94976
13.73646
13.83618
13.73786
13.87375
13.7366
13.80992
13.81346
13.83169
13.90175
13.90874
13.88638
13.77471
13.97409
13.73
13.96905
13.84968
13.96755
13.76412
13.79258
13.94881
13.8573
13.69223
13.76968
13.67076
13.73219
13.75778
13.87185
13.81923
13.86823
13.72515
13.85612
13.80933
13.62055
13.74325
13.80768
13.70636
13.88198
13.84248
13.81393
13.80043
13.88205
13.85187
14.06652
13.84042
13.96333
13.81105
13.67366
13.70662
13.5979
13.75353
13.83092
13.69473
13.80163
13.85667
13.75755
13.8602
13.81804
13.74218
13.82568
13.79086
13.90732
13.94469
13.834
13.89679
13.9925
13.73778
13.85213
13.90136
13.76956
13.70039
13.42569
13.57365
13.78974
13.75542
13.90122
13.81539
13.88268
13.9527
13.85164
13.61102
13.72135
13.75262
13.94071
13.89327
13.79947
13.80763
13.95889
13.69
13.83213
13.69193
13.74383
13.84229
13.95074
13.80821
13.7642
13.72003
13.91882
13.73389
13.94779
13.73787
13.66194
13.73188
13.70583
13.78536
14.01065
13.72128
13.79819
13.81347
13.79469
13.87455
13.95563
13.75762
13.99774
13.90086
13.88638
13.90954
13.89234
13.9885
13.69851
13.79602
13.79912
13.72146
13.82039
13.79548
13.93729
13.7854
13.96431
13.85435
13.6797
13.93524
13.8127
13.82645
13.69996
13.85392
13.90408
13.79319
13.87609
13.84623
13.72856
13.90203
13.98022
13.69974
14.07806
13.97397
13.80473
13.82542
13.79994
13.80545
13.82516
13.86583
13.86084
13.92446
13.81329
13.90593
13.88403
13.67102
13.88519
13.6332
13.69604
13.89912
13.87306
13.88799
13.75417
13.67427
13.85579
13.80628
13.81965
13.85512
13.83026
13.87434
13.566
13.73714
13.96215
13.5774
13.83529
13.79609
13.90299
13.73812
13.90529
13.8609
13.77711
14.03224
13.93718
13.72826
13.91732
13.7282
13.73116
13.91605
13.77577
13.91227
13.70061
13.89083
13.79082
13.69622
13.57702
13.8008
13.96493
13.6563
13.87355
13.99899
13.77416
13.78901
13.78302
13.72888
13.8852
13.65181
13.78926
14.09593
13.77025
13.79128
14.11528
13.95614
13.67132
13.91828
13.72485
13.90511
13.79468
13.78981
13.86622
13.84594
13.9
13.79333
13.86954
13.87843
13.93098
13.70774
13.65753
13.71285
13.8226
13.77804
13.72888
13.83177
13.89624
13.81039
13.81413
13.62255
13.7
14.00642
13.90056
13.82894
13.89781
13.72225
13.71607
13.67074
13.81384
13.69831
14.01099
13.83771
13.69605
13.48962
13.79949
13.76048
13.88059
13.82796
13.72308
13.71104
13.8028
13.85057
13.86039
13.95169
13.85066
13.67145
13.76052
13.6651
13.8844
13.71435
13.79309
13.70832
13.95534
13.78438
13.65654
13.7412
13.81399
13.94499
13.99081
13.90627
13.92223
13.84447
13.86122
13.7076
13.83473
13.66226
13.77199
13.7762
13.98713
13.81629
13.71393
13.81476
13.8187
13.81598
14.13335
13.72858
13.93111
13.63441
13.8707
13.77522
13.97289
13.888
13.69093
13.62008
13.88011
13.81429
13.85045
13.929
13.58683
13.71286
13.88789
13.84917
13.83814
13.87894
13.76104
13.8426
13.80515
13.58644
13.90362
13.82033
13.83933
13.94878
13.89234
13.71135
13.78768
13.68492
13.6563
13.83328
13.81176
13.83211
14.04567
13.90891
13.85677
13.68731
14.06046
13.97482
13.89772
13.84198
13.76694
13.89083
13.74011
13.94887
13.83487
13.71294
13.71938
13.89661
13.74601
13.70532
13.66251
13.76973
14.14664
13.9421
13.76979
13.84113
13.79764
13.78333
13.83052
13.79539
13.65967
13.81211
13.91171
13.67607
13.62934
13.67129
13.94014
13.84046
14.01842
13.99191
14.01804
13.98185
13.68364
13.8583
13.79817
13.85716
13.97317
13.96816
14.01521
13.71794
13.74404
13.89205
13.87721
13.8393
13.89014
13.77609
13.86263
13.88934
13.72103
13.84349
13.6106
13.73539
13.85938
13.78127
13.73003
13.95184
13.79113
13.7124
13.93391
13.65005
13.93971
14.00761
13.76472
13.97655
13.91125
13.96061
13.77622
13.87941
13.74255
13.8521
13.76395
13.71335
13.78595
13.58158
13.77228
13.7903
13.66478
13.81029
13.65577
13.62871
13.66371
13.89029
13.82963
13.74463
13.78981
13.91885
13.68067
13.89287
13.8536
13.87667
13.8569
13.79725
13.63907
13.74111
13.72047
13.75875
13.6615
13.79162
13.95022
13.7849
13.90005
13.89585
13.7059
13.78667
13.71898
13.81521
14.06446
13.99441
13.62417
13.94166
13.71428
13.84162
13.96311
13.70116
13.77399
13.68717
13.90659
13.75347
13.9709
14.00778
13.9042
13.65369
13.75763
13.69611
14.05116
13.84718
13.87255
13.78757
13.86621
13.73883
13.80412
13.83282
13.76426
13.96463
13.8138
13.89487
13.8349
13.88025
13.6782
13.70858
13.79607
13.88197
13.69748
13.74687
13.62228
13.90029
13.63755
13.86773
13.58003
13.77055
13.94156
13.82519
13.75284
13.92042
13.65829
13.70066
13.74245
13.77663
13.76948
13.74374
13.8339
13.77685
13.84221
13.95434
14.01719
13.84723
13.81402
13.71616
13.73838
13.79912
13.87998
13.70687
13.96096
13.83171
13.843
13.89922
13.83952
13.68362
13.81605
13.6924
13.69293
13.72438
13.77447
13.64913
13.85836
13.68184
13.90942
13.93434
13.72194
13.95891
13.95136
14.11439
13.91337
13.85447
13.81666
13.92959
13.79295
13.91369
13.82845
13.96255
13.81349
13.96318
13.67515
13.75196
13.95556
13.98138
13.78486
13.93882
13.81395
13.75839
13.7994
13.83706
13.80216
13.72485
13.80372
13.85447
13.74003
13.84042
13.72409
13.8744
13.83952
13.59537
13.90068
13.92392
13.96983
13.81922
13.73906
13.9092
13.89043
13.70307
13.90098
13.85489
13.77097
13.77557
13.83652
13.77652
13.99912
13.7571
13.83646
14.04604
13.92196
14.02453
13.74403
13.90419
13.74286
13.91309
13.63174
13.77777
13.82825
13.88961
13.81671
13.95517
13.75984
13.88321
13.84613
13.71764
13.79343
13.83419
13.76637
13.76672
13.89407
13.66794
14.00433
13.72355
13.7657
13.78623
13.92605
13.83959
13.89034
13.919
13.868
13.81052
13.83994
13.86152
13.71537
13.72476
13.68718
13.77251
13.81366
13.71701
13.89525
13.90654
13.89819
13.67161
13.93129
13.84697
14.0195
13.83046
13.77318
13.76694
13.83169
13.75291
13.83827
13.86428
13.51929
13.87874
13.87097
13.68486
13.82701
13.82693
13.73075
13.84875
13.69223
13.93912
13.69332
13.83154
13.82029
13.83508
13.82942
13.73243
13.69192
13.96441
14.01185
13.95206
13.69355
13.71434
13.91034
13.84775
13.85132
13.9778
13.66679
13.94459
13.88048
13.80438
13.85955
13.74954
13.86673
13.67872
13.82993
13.67834
13.8143
13.8126
13.71722
13.86419
13.79759
13.77681
13.83526
13.90207
13.8619
13.7907
13.68982
13.95643
13.6426
13.43645
13.74189
13.68265
13.80343
14.05608
13.84259
13.64825
13.73627
13.78648
13.68356
13.87502
13.78883
13.77674
13.71874
13.88238
13.72253
13.74659
13.85372
13.80364
13.68684
13.95896
13.89815
13.79295
14.01279
13.89192
13.74339
13.86885
13.87554
13.84995
13.73632
13.89834
14.01603
13.73005
13.69877
13.78765
13.90259
13.77973
13.77747
14.00127
13.78583
13.94259
13.85494
13.65672
13.81336
13.65267
13.78069
13.73439
13.80847
13.76954
13.89991
13.8565
13.76052
13.57282
13.73787
13.78324
13.66913
13.5873
13.78189
13.87367
13.85904
13.8405
13.6217
13.88155
13.88106
13.84706
13.84149
13.73584
13.8232
13.7926
13.82538
13.88754
13.66257
13.97151
13.80699
13.70608
13.7812
13.87273
13.9206
13.73286
13.70077
13.8241
13.81658
13.64988
13.93714
13.99937
13.53598
13.81428
13.89309
13.74362
13.94037
13.86501
13.82278
13.83813
13.7274
13.8542
13.91482
13.73417
13.79346
13.80244
13.72235
13.86577
13.94204
13.77181
13.70321
13.72113
13.89874
13.87542
13.91512
13.79575
13.69639
13.93778
13.75796
13.64864
13.81921
13.86273
13.8088
13.80802
13.97575
13.84197
13.68403
13.73351
13.84963
13.9662
13.80262
13.79212
13.81303
13.87603
13.87519
13.86817
13.84904
13.76801
14.05262
13.82977
13.73435
13.79818
13.90646
13.92751
13.8019
13.85876
13.91999
13.78772
13.91383
13.74432
13.88204
13.71856
13.58924
13.80947
13.6449
13.81323
13.85011
13.82266
13.98508
13.83451
13.84588
13.70658
13.97407
13.88406
13.76315
13.88775
13.9106
13.80657
13.76915
13.76636
13.85543
13.81959
13.85379
13.87156
13.88895
13.96776
13.7914
13.81132
13.73518
13.79659
13.75521
13.99628
13.76233
13.95665
13.77763
13.87783
13.90707
13.88709
13.81283
13.82002
13.66785
13.60328
13.71326
13.78522
13.81265
13.73847
13.83249
13.67841
13.71391
13.86568
14.02059
13.74434
13.9838
13.8864
13.75428
13.75475
13.81317
13.79351
13.79919
13.93988
13.88399
13.83618
13.77822
13.84256
13.76525
13.95816
13.81353
13.84888
13.86337
13.90277
13.71965
13.77575
13.99964
13.82566
13.99053
13.78357
13.76037
13.74969
13.85312
13.88318
13.84257
13.8361
13.66986
13.73489
13.77514
13.78691
13.87148
13.80237
13.5114
13.89036
14.07915
13.95846
13.91555
13.80191
13.68396
13.86463
13.66265
13.70671
13.83484
13.66847
13.84662
13.7127
13.87544
13.76278
13.7669
13.78658
13.80423
13.86687
13.84404
13.92775
13.63186
13.95423
13.76909
13.80192
13.86498
13.76333
13.71619
13.74833
13.85662
13.80395
13.73617
13.76844
13.73058
13.81242
13.7686
13.83671
13.5677
13.81143
13.90134
13.78675
13.74344
13.91562
13.84233
13.61901
13.75367
13.69719
13.71525
13.8127
13.85764
13.64051
13.78084
13.76134
13.48221
13.69755
13.87308
14.13684
13.77367
13.76782
13.98729
13.67387
13.93087
13.91148
13.6083
13.98732
14.0123
13.94693
13.84549
13.8751
14.04533
13.73962
13.71203
13.74716
13.77449
13.82411
13.96265
13.75322
13.66852
13.91375
13.92823
13.65445
13.87709
13.68961
13.92855
13.76998
14.07428
13.79121
13.86728
13.8324
13.73278
13.7098
13.85693
13.77845
13.85149
13.81782
13.7842
13.91358
13.92825
13.80458
13.70043
13.78112
13.77034
13.78995
13.7342
13.79005
13.7333
13.88535
13.7842
13.6993
13.74202
13.57715
13.76697
13.93219
13.7603
13.7833
13.74164
13.91365
13.97692
13.73798
13.89499
13.69486
13.7544
13.74644
13.75749
13.86609
13.87485
13.83609
13.79447
13.84826
13.67907
13.97114
13.98163
13.70812
13.85774
13.77638
13.88056
13.78013
13.83163
13.95768
13.77743
13.62342
13.75515
13.76084
13.61983
13.70378
13.99981
13.91989
13.70937
13.88629
13.71248
13.90983
13.8305
13.79159
13.79167
13.72829
13.9848
13.59121
13.81002
13.78558
13.8027
13.67199
13.64044
13.98395
13.89607
13.95469
13.66595
13.78706
13.7996
13.89544
13.85862
13.9512
13.68012
13.68646
13.8377
13.93045
13.86916
13.72353
13.78102
13.92307
13.80685
13.95962
13.77862
13.8379
13.68661
13.78806
13.67393
13.72723
13.71326
13.97014
13.82845
13.87792
13.96534
13.50654
13.78549
13.74273
13.8632
13.80721
13.93932
13.96992
13.70777
13.74592
13.76577
13.75904
14.0217
13.63249
13.78472
13.88676
13.75165
13.72878
13.89546
13.88406
13.87521
13.76416
13.81083
13.70457
13.97544
13.853
13.97792
13.88325
13.82218
13.90925
13.72551
13.79579
13.74342
13.9006
13.73453
13.95486
13.85312
13.82109
13.73682
13.80624
13.83147
13.58405
13.80848
13.91643
13.93931
13.8359
13.91642
13.76909
13.82767
13.73264
13.76616
13.89838
13.7778
13.75992
13.75795
13.72503
13.74556
13.93894
13.79721
13.66126
13.7908
13.79091
13.81406
13.72255
13.93369
13.88523
13.84447
13.8014
13.95827
13.87526
13.77872
13.89711
13.83105
14.08216
13.82246
13.89911
13.67716
13.93455
13.71642
13.79803
13.83607
13.66492
13.88465
13.63322
13.7864
13.75438
13.62821
13.85995
13.58541
13.83613
13.93313
13.64915
13.59183
13.78126
13.98046
13.90675
13.80691
13.82101
13.82728
13.84552
13.88537
13.77168
13.78294
13.8746
13.76587
13.74187
13.87961
13.87454
13.88575
13.87816
13.82664
13.94645
13.74664
13.60158
13.54233
13.69599
13.9417
13.98221
13.92647
13.73543
13.72413
13.63926
13.78425
13.81034
13.88475
14.04037
13.80102
13.80998
13.72425
13.61974
13.66692
13.73495
13.89637
13.72264
13.76263
13.82116
13.7085
13.59499
13.92124
13.88599
13.78395
14.03658
13.76593
13.84407
13.81687
13.82741
13.65388
13.6725
13.93317
13.7981
13.69448
13.71297
13.8604
13.88379
13.88664
13.85469
13.82131
13.93266
13.78295
13.86839
13.75327
13.80364
13.9285
13.80302
13.66382
13.82429
13.8535
13.87145
13.78284
13.99883
13.58504
14.0004
13.86244
13.87591
13.75159
13.74478
13.76642
13.77512
13.63201
13.79382
13.95968
13.83374
13.87067
13.85909
13.87023
13.74617
13.84059
13.93818
13.74146
13.90967
13.62692
13.99527
13.78345
13.74563
13.81662
13.86611
13.86042
13.85949
13.79941
13.61034
13.80659
13.91585
13.81784
13.75148
13.84954
13.72928
13.78138
13.88952
13.78812
13.95065
13.97411
13.77392
13.75194
13.64482
13.8865
13.96592
13.89136
14.11909
13.9062
13.65171
13.90264
13.62346
13.72795
13.84557
13.84976
13.85075
13.72621
13.68116
13.71566
13.81421
13.80616
13.97649
13.88398
13.93744
13.86835
13.91909
13.78729
13.79584
13.69058
13.68519
13.83188
13.72835
13.76595
13.92479
13.80691
13.92196
13.80184
13.86029
13.70519
13.73417
13.87229
13.84412
13.87972
13.7204
13.82386
13.8469
14.00289
13.90817
13.79482
13.82753
13.81309
13.81117
13.84465
13.82735
13.90171
13.88212
13.75164
13.9236
13.76157
13.91637
13.65686
13.80028
13.80813
13.60636
13.88376
13.63343
13.90521
13.6927
13.82285
13.69875
13.7408
13.81304
13.83269
13.90907
13.8359
13.9458
13.9175
13.60348
13.91131
13.77662
13.96734
13.69718
13.80505
13.70505
13.71949
13.6837
13.974
13.83665
13.80762
13.80589
13.92433
13.83559
13.84296
13.82733
13.98398
13.72231
13.83784
13.5922
13.79157
13.71382
13.71356
13.71209
13.54974
13.69769
13.71512
13.6748
13.81282
13.90495
13.68709
13.7729
13.88251
13.85172
13.81076
13.88177
13.75468
13.8104
13.97609
13.74621
13.93424
13.96495
13.84218
13.90901
13.92371
13.68707
13.86083
13.69446
13.64401
13.96186
13.87224
13.68348
13.86048
13.79105
13.82715
13.72303
13.86646
13.88283
14.03872
13.82313
13.8476
13.98435
13.82709
13.75931
13.74623
13.90893
13.99133
13.899
13.9109
13.57867
13.58663
13.87572
13.68685
13.77349
13.8386
13.58507
13.73742
13.79688
13.90669
13.82078
13.65934
13.62809
13.85442
13.7155
13.82869
13.73909
13.77851
13.72568
13.63495
13.67623
13.87633
13.7891
13.63193
13.99812
13.81955
13.83924
13.66188
13.86697
13.80678
13.80707
13.92231
13.86682
13.81418
13.77832
13.77936
13.81405
13.54746
13.81615
13.82296
13.75613
13.75699
13.95226
14.12663
13.88375
13.93923
13.9488
13.79183
13.83145
13.97295
13.92306
13.78468
13.64707
13.71633
13.8491
13.83287
13.85551
13.7499
13.80918
13.80916
13.75255
13.97198
13.58252
13.8101
13.63121
13.77854
13.71783
13.9078
13.83596
13.77947
13.82027
13.66842
13.75767
13.75085
13.86642
13.79024
14.0003
13.75389
13.75323
13.71111
13.92827
13.83979
13.77133
13.86871
13.69715
13.76054
13.90155
13.96722
13.73938
13.61456
13.9647
13.75515
13.87977
13.71252
13.69331
13.78346
13.78975
13.78244
13.70182
13.72979
13.76993
13.76536
14.02064
13.57253
13.86371
13.73776
13.63314
13.77963
13.78031
13.74712
13.71529
13.88045
13.91498
13.74058
13.6569
13.8399
13.68038
14.01553
13.76542
13.8172
13.60219
13.89854
13.7783
13.82797
13.74682
13.67311
13.85449
13.93572
13.7513
13.55487
13.89289
13.78127
13.6175
13.81425
13.83749
13.7534
13.88996
13.81972
13.78505
13.85462
13.80351
13.74866
13.77085
13.95189
13.93957
13.81171
13.93053
13.69903
13.64688
13.70872
13.69943
13.86263
13.78751
13.90429
13.63452
13.75575
13.84097
13.906
13.65208
13.86436
13.82762
13.84925
13.64679
13.76869
13.88079
13.63242
13.85161
13.7606
13.7966
13.78571
13.77367
13.75707
13.75314
13.74405
13.80481
13.63276
14.00317
13.64117
13.81116
13.82497
13.75082
13.79318
14.0002
13.74457
13.92232
13.98335
13.82661
13.90315
13.8705
13.7699
13.81784
13.86641
13.98315
13.65464
13.83702
14.00066
14.02144
13.72617
13.73936
13.78258
13.8207
13.76972
13.73736
13.82751
13.80768
13.97648
13.80608
13.96787
14.0374
13.78878
13.73439
13.73448
13.6566
13.86784
13.67788
13.66554
13.66824
13.90911
13.89935
13.75701
13.8802
13.86127
13.82887
13.83159
13.91265
13.74024
13.86099
13.64869
13.78178
13.99064
13.75451
13.75162
13.67348
13.80855
13.80082
13.90252
14.02198
13.66319
13.8967
13.9846
13.86403
13.80213
13.61092
13.78917
14.02228
13.88701
13.7725
13.7425
13.84928
14.02272
14.01552
13.80348
13.74665
13.83131
13.95266
13.7094
13.92113
13.99555
13.79051
13.65525
13.84387
13.79612
13.70842
13.70286
13.82012
13.54026
13.58603
13.61339
13.78972
13.87963
13.92162
13.80179
13.75324
13.77811
13.69466
13.76288
13.74473
13.69129
13.76561
13.87039
13.83795
13.79638
13.84426
13.8181
13.82319
13.93225
13.6826
13.82532
13.56455
13.7205
13.56832
14.07154
13.6973
13.79547
13.74244
13.5757
13.88774
13.8124
13.89959
13.70183
13.82275
13.90974
13.81964
13.91248
13.90205
13.71071
13.67669
13.71485
13.86265
13.82011
13.68173
13.845
13.74539
13.74233
13.72427
13.88497
13.95847
13.69513
13.72013
13.81658
13.66805
13.78333
13.76514
13.92506
13.79009
13.82015
13.72122
13.93645
13.80964
13.88349
13.91701
13.81469
13.90459
13.86237
13.90019
13.7
13.96749
13.72143
13.64748
13.74617
13.8454
13.86085
13.88047
13.908
13.78776
13.76339
13.84497
13.78537
13.85001
13.61203
13.47414
13.86405
13.69674
13.83266
13.6927
13.75317
13.82471
13.76784
13.89783
13.86841
13.74929
13.74214
13.84113
13.81955
13.94552
13.86809
13.9197
13.79655
13.81919
13.75672
13.83155
13.82955
13.70148
13.88847
13.7551
13.73143
13.99816
13.7588
13.9567
13.99012
13.69783
13.84037
14.09402
13.86607
13.8027
13.74939
13.76424
13.75408
13.90875
13.75406
13.76299
13.78207
13.81476
13.72479
13.85064
13.89726
13.72913
13.81037
13.86723
13.90197
13.77818
13.78446
13.89279
13.62431
13.84156
13.57918
13.7658
13.86075
13.88878
13.71754
13.69783
13.71618
13.91075
13.82609
13.93289
13.89109
13.80905
13.92535
13.88609
13.88288
14.0143
13.76538
13.82613
13.83937
13.9372
13.9258
13.77801
13.6173
13.86634
13.87424
13.66044
13.77059
13.74413
13.6903
13.84243
13.89614
13.65028
13.67079
13.74523
13.79786
13.866
13.91182
13.8151
13.91823
13.74539
13.77578
13.75763
13.7816
13.75133
13.90468
13.87597
13.68877
13.87313
13.70007
13.67928
13.73986
13.7794
13.84152
13.81916
13.85186
13.68526
13.8071
13.69297
13.65617
13.98471
13.76497
13.63426
13.59748
13.88707
13.73467
13.72497
13.95867
13.93919
13.72295
13.86655
13.73775
13.87295
14.0041
13.70448
13.64949
13.61089
13.91239
13.88569
13.93389
13.89683
13.77405
13.98601
13.73296
13.71565
13.88136
13.78199
13.95268
13.96211
13.71317
13.80392
13.84521
13.88341
13.87799
13.68772
13.82988
13.74863
14.07413
13.7651
13.85727
13.92515
13.86684
13.71857
13.90941
13.81014
13.70807
14.12349
13.6999
13.72287
13.76141
13.84912
13.77382
13.87832
13.82211
13.85088
13.97454
13.78069
13.64918
13.99714
13.76061
13.87414
13.69324
13.70431
13.80706
13.77871
13.89803
13.805
13.72054
13.65354
13.71141
13.82299
13.80873
13.90913
13.70916
13.78066
13.83667
13.9076
13.89258
13.73091
13.63141
13.73805
13.91485
14.00799
13.75326
13.761
13.83386
13.61839
13.79994
13.90599
13.77698
13.82616
13.68565
13.70762
14.04249
13.71368
13.76133
14.02024
13.70168
13.7331
13.70309
13.79549
13.95452
14.0113
13.89854
13.73297
13.78564
13.96378
13.97853
13.89415
13.75486
13.82048
13.9408
13.90438
13.82384
13.8802
13.87753
13.89937
13.89251
14.04714
13.9822
13.9661
13.84077
13.71545
13.97099
13.88476
13.8759
13.73522
13.68417
13.8912
13.62018
13.64626
13.74562
13.70519
13.63006
13.90392
13.74368
13.8385
13.712
13.86089
13.87529
13.71778
13.88135
13.90192
13.71585
13.61863
13.74426
13.66728
14.03234
13.86654
13.8598
13.91881
13.76684
13.95744
13.59418
13.67329
13.71863
13.72333
13.88144
13.71578
13.79721
13.65542
13.83839
13.74784
13.81994
13.86988
14.03518
13.81528
13.7481
13.85219
13.78105
13.68105
13.80851
13.7563
13.78991
13.62486
13.7699
13.89333
13.84622
13.86327
13.93442
13.90772
13.91498
13.69673
13.83603
13.88136
13.84354
13.71743
13.84814
13.69336
13.78068
13.72487
13.9173
13.91804
13.83339
13.67753
14.05238
13.76014
13.64727
14.02964
13.94972
13.73596
13.857
13.94598
13.8403
13.84522
13.98863
13.84541
14.11601
13.83639
13.7513
13.89031
13.91725
13.80113
13.77121
13.81626
13.75339
13.86083
13.74491
13.97269
13.74315
14.00249
13.84364
13.66461
14.11211
13.57302
13.91831
13.945
13.83258
13.80594
13.64246
13.67284
13.91193
13.87603
13.82266
13.84803
13.78703
13.99385
13.84528
13.81075
13.86012
13.87438
13.62864
13.8402
13.80919
13.67469
14.03571
13.77513
13.78546
13.81406
13.94572
13.82014
13.85944
13.90687
13.54986
13.84021
13.87104
14.02004
13.95105
13.93699
13.77802
13.80918
13.90399
13.87295
13.89367
13.77387
13.85297
13.80257
13.60329
13.8816
13.86628
13.86555
13.79387
14.025
13.83543
13.76464
13.71441
13.81923
13.9757
13.8294
13.72466
13.87309
13.91752
13.82797
13.89173
13.77967
13.63927
13.81224
13.75347
13.90532
13.72723
13.723
13.96354
13.89051
13.82129
13.71698
13.7447
13.69625
14.04984
13.8613
13.88273
14.09769
13.94016
13.96962
13.87406
13.85644
13.88694
13.76457
13.71129
13.93929
13.75286
13.6745
13.79133
13.84607
13.79078
13.80049
13.8367
13.65105
13.86272
13.73781
13.88184
13.84033
13.84271
13.90018
13.77883
13.76018
13.76856
13.85867
13.88988
13.69696
14.01904
13.86226
13.62127
13.69747
13.80606
13.78907
13.9388
13.78179
13.89411
13.68687
13.6171
13.79518
13.90273
13.92264
13.72475
13.91763
13.73669
13.84185
13.75792
13.56822
13.93097
13.85514
13.70587
13.90481
13.60299
13.81146
13.85171
14.03151
13.80101
13.84584
13.78164
13.85652
13.82398
13.81365
13.72394
13.76742
13.85787
13.68926
13.77981
13.77485
13.76421
13.70359
13.74641
13.72683
13.73898
13.80572
13.9032
13.62014
13.91275
13.83726
13.76855
13.70661
13.97571
13.72839
13.87303
13.82642
13.88923
13.87209
13.77672
13.88068
13.58119
13.61147
13.7855
13.91815
13.765
13.78744
13.78334
13.86281
13.77866
13.79423
13.78019
13.91906
13.74428
13.87802
13.90638
13.83416
13.83459
14.01928
13.83075
13.8374
13.79294
13.70246
14.04634
13.7639
13.81007
13.8116
13.78382
13.85906
13.63708
13.67285
13.76631
14.04061
13.99433
13.843
13.85031
13.68232
13.88768
13.7508
13.88619
13.72633
13.59529
13.98892
13.77018
13.89236
13.73714
13.97412
13.86243
13.7369
13.74423
14.01207
13.995
13.7053
13.80787
13.7703
13.97785
13.75024
13.84124
13.90908
14.13346
13.6491
13.79048
13.69394
13.84006
13.80067
13.70406
13.9014
13.59353
13.84547
13.63443
13.8352
13.62235
13.73528
13.96312
13.80759
13.78784
13.72665
13.94475
13.82475
13.81625
13.86728
13.80909
13.88173
13.81245
13.75253
13.6771
13.92138
13.88848
13.72047
13.65461
13.5931
13.81382
13.89955
13.78351
13.87559
13.79287
13.73362
13.89664
13.90641
13.78524
13.71693
13.85979
13.68468
13.81077
13.68653
13.78889
13.44138
13.64219
13.82855
13.93666
13.76792
13.74956
13.83988
13.80806
13.76692
13.85173
13.71299
13.88549
13.70091
13.83429
13.95678
13.77607
13.79209
13.80494
13.93453
13.8528
13.77773
13.72145
13.7692
13.83181
13.63092
13.94488
13.69913
13.53005
13.8162
14.00411
13.78862
13.71535
13.53414
13.62101
14.09414
13.95486
13.88253
13.83392
13.69802
13.6452
14.07084
13.71351
13.6532
13.84516
13.94734
13.94379
13.79146
13.89019
13.93066
13.86837
13.82129
13.90222
13.91975
13.71196
13.76254
13.7566
13.9021
13.92628
13.90007
13.64382
13.78884
13.8244
13.89534
13.7619
14.03661
13.6995
13.814
13.80421
13.65987
13.81178
13.63212
13.92324
13.74337
13.65371
13.80105
13.90617
13.79649
13.75719
13.68297
13.9284
13.90493
13.77926
13.71954
13.73914
13.70364
13.66738
13.78453
13.83118
13.90862
13.90546
13.87365
13.88679
14.01214
13.81292
13.78793
13.85834
13.87407
13.50189
13.69452
13.8351
13.94487
13.79774
13.9034
13.78333
13.87829
13.63736
13.86215
13.90507
13.95597
13.65874
13.94689
13.83291
13.89069
13.85058
13.7425
13.96683
13.7678
13.80296
13.92304
13.91438
13.80339
13.80011
13.70492
13.78504
13.71311
13.73145
13.76022
13.93378
13.77422
13.64837
13.97875
13.71368
13.86069
13.91016
13.98387
13.84273
13.73136
13.7172
13.81845
13.79028
13.82358
13.85554
14.06481
13.85894
13.91546
13.63421
13.83959
13.74523
13.83866
13.94246
13.74265
13.94266
13.93779
13.70584
13.71861
13.94044
13.83039
13.91051
13.97
13.83864
13.54241
13.83209
13.80138
13.75246
13.59681
13.83607
13.53748
13.97414
13.55504
13.85249
13.94096
13.80575
13.82889
13.92754
13.79972
13.82889
13.85673
13.73238
13.91162
13.83324
13.9034
14.01793
13.5855
13.75795
13.77187
13.80568
13.7319
13.79452
13.72621
13.79328
13.66559
13.90334
13.69934
13.74154
13.90725
13.68494
13.87442
13.77608
13.79849
13.75705
13.72562
13.73357
13.74257
13.96253
13.817
13.73901
13.63148
13.51472
13.6766
13.90921
13.77529
13.94995
13.89628
13.99286
13.75157
13.71575
13.72975
13.92812
13.85136
13.75159
13.83862
13.81112
13.90124
13.78339
13.80081
13.96244
13.80049
13.9384
13.80368
13.7203
13.52086
13.9679
13.74071
13.7457
13.70261
14.01284
13.84528
13.7657
13.69262
13.85463
13.63712
13.89365
13.90894
13.7994
13.92366
13.78692
13.82439
13.97527
13.61595
13.82191
13.81605
13.63378
13.92381
13.99141
13.77075
13.82273
13.78983
13.64729
13.74934
13.89594
13.70419
13.85487
13.82949
13.77892
13.75031
14.002
13.72984
13.68295
13.93945
13.7896
13.86007
13.86504
13.8253
13.72306
13.697
13.7841
13.76008
13.86896
13.61321
13.87109
13.7576
13.79435
14.01034
13.86125
13.66394
13.78456
13.90075
13.6661
13.90834
13.64059
13.86151
13.72457
13.80534
13.89659
13.83863
13.68978
13.81767
14.00622
13.6466
13.87486
13.67984
13.72827
13.97896
13.75969
14.03823
13.79584
13.99431
13.72889
13.81815
13.96958
13.65334
13.96748
13.88524
13.85098
13.75719
13.92281
13.77724
13.96498
13.74725
13.89956
13.75323
13.79297
13.62454
13.99785
13.71914
13.60218
13.87674
14.07988
13.95729
13.94598
13.62899
13.79233
13.87582
13.74719
13.98458
13.83456
13.75
13.66253
13.92902
13.74735
13.97994
13.80849
13.88922
13.70924
13.67298
13.81038
13.90654
13.88606
13.87449
13.6364
13.95981
13.73148
13.73887
13.82351
14.03494
13.72292
13.83489
13.89851
13.87351
13.58312
13.61337
13.91641
13.75449
13.78015
13.94678
13.88611
13.63929
13.91289
14.07702
13.6815
13.78905
13.83492
13.83702
13.69257
13.85081
13.7146
13.71148
13.84159
13.89788
13.91973
13.96589
13.92689
13.84099
13.74459
13.79733
13.68008
13.71394
13.85702
13.61882
13.90338
13.57648
13.94535
13.83149
13.75398
13.83051
13.84707
13.68061
13.98607
13.72361
13.64077
13.79959
13.80466
13.88525
13.75961
13.87217
13.73436
13.63023
13.65174
13.79415
13.72252
13.69867
13.82352
13.79477
13.71141
13.82566
13.80171
13.72829
13.80272
13.64882
13.80359
13.5278
13.86406
13.79946
13.66303
13.96402
13.66283
13.84977
13.73696
13.8944
13.99922
13.94662
13.75039
13.84515
13.61942
13.73692
13.93764
13.71493
13.856
13.83907
13.82368
13.69763
13.86657
13.51305
13.98749
13.78327
13.75593
13.67548
13.79111
13.86778
13.78796
13.83532
13.7993
13.68519
13.71777
13.75064
13.95729
13.65125
13.82725
13.90796
13.79234
13.81761
13.68505
13.62559
13.77133
13.92479
13.86428
13.75139
14.0375
13.82781
13.84044
13.74292
13.92796
13.50339
13.74223
13.67414
13.8666
13.79302
13.7568
13.92928
13.85739
13.87911
13.84277
13.74024
13.9407
13.93834
13.87386
13.89017
13.76345
13.74492
13.70953
13.97962
13.83173
13.98245
13.80465
13.945
13.74382
13.78158
13.76608
13.84878
13.71362
13.73223
13.83481
13.7568
13.81324
13.77015
14.04806
13.76707
13.86337
13.71444
13.74089
13.61395
13.80507
13.82323
13.78188
13.81963
13.87258
13.82483
13.87532
13.67332
13.85766
13.73387
13.69172
14.10573
13.88025
13.76901
13.8221
13.79968
13.67693
13.92085
13.61334
13.7294
13.81179
13.86768
13.75649
13.86284
13.6628
13.74297
13.90971
13.98131
13.89279
13.94429
13.80035
13.85314
13.90781
13.75336
13.70419
13.6706
13.78825
13.64783
13.84709
13.71691
13.79013
13.95643
13.78079
13.75197
13.97441
13.82924
13.88549
13.87907
13.95799
13.92002
13.91454
13.74083
13.77543
13.8755
13.7391
13.75662
13.76139
13.66014
13.89557
13.79785
13.79497
13.70443
13.82229
13.99037
13.94855
13.70774
13.66083
13.75736
13.79575
13.79637
13.85467
13.64448
13.72407
13.75096
13.74492
13.72221
13.78914
13.58755
13.53605
13.58163
13.71894
13.86287
13.76218
13.68094
13.93166
13.65723
13.8354
13.83354
13.96797
13.74722
13.68071
13.67632
13.60596
13.89124
13.7712
13.98509
13.74482
13.86724
13.77651
13.68071
13.6971
13.7377
13.74973
13.8509
13.8012
13.91582
13.76357
13.90129
13.96991
14.00276
13.66127
13.81309
13.81343
13.73537
13.84816
13.77558
14.0085
13.88999
13.83456
13.78046
13.67505
13.73791
13.81095
13.69544
13.72277
13.85611
13.80772
13.85549
13.86628
13.96555
13.80719
13.88186
13.60708
13.76462
13.91802
13.88769
13.75891
13.92464
13.75195
13.83335
13.79316
13.74291
13.88301
13.69499
13.81735
13.71263
13.82258
13.7988
13.74635
13.6976
13.77046
13.79452
13.90717
13.76075
13.85494
13.79354
13.68827
13.71882
13.90547
13.80284
13.67114
13.87977
13.99802
13.78203
13.82412
13.8033
13.7252
13.84642
13.88002
13.76325
13.94911
13.69658
13.5529
13.66376
13.90268
13.78078
13.86225
13.602
13.8452
13.80033
13.76076
13.95121
13.61828
13.78469
13.7801
13.73192
14.03599
13.6653
13.96421
13.82669
13.89894
13.82079
13.67912
13.93352
13.98085
13.84821
13.88947
14.01734
14.07379
13.92631
13.85147
13.7926
13.87265
13.85908
13.83137
13.70995
13.85039
13.69921
13.66597
13.84014
13.71979
13.82654
13.72084
13.88037
13.94326
13.87583
13.82116
13.71842
13.92215
13.61742
13.95226
13.7847
13.73857
13.8253
13.7737
13.73648
13.93941
13.598
13.69477
13.84077
13.94661
13.70001
13.72344
13.83345
13.82552
13.87219
13.88674
13.746
13.96461
13.69752
14.02846
13.73007
13.95057
13.76904
13.76899
13.83582
13.73007
13.82731
13.59854
14.04074
13.80925
13.90876
13.7843
13.71176
13.71817
13.94262
13.69034
13.79791
13.79832
13.81542
13.70019
13.77409
13.77382
13.81634
13.91422
13.70193
13.5768
13.84801
13.70286
13.67957
13.72349
13.84555
13.75617
13.9412
13.96868
14.0185
13.88085
13.70333
13.86645
13.79147
13.69998
13.74954
13.87648
13.91442
13.93121
13.89135
13.71973
13.82384
13.75598
13.85676
13.78758
13.7139
13.77859
13.75341
14.15532
13.74398
13.88937
13.78579
13.84322
13.79894
13.67797
13.87113
13.89857
13.88526
13.78339
13.70211
13.94898
13.69137
13.93074
13.98283
13.75138
13.78576
13.73989
13.81536
13.9987
13.95212
13.93739
13.65943
13.91614
13.65836
13.86389
13.95545
13.74085
13.65841
13.81251
13.86172
13.71435
13.81913
13.84766
13.71345
13.59679
13.81233
13.82985
13.79585
14.07262
13.76018
13.59705
13.75329
13.76606
13.78898
13.84399
13.80976
13.96163
13.91293
13.84302
13.90643
13.72127
13.68783
13.95085
13.67898
13.89366
13.80658
13.86431
13.73633
13.80338
13.76834
13.77879
13.76497
13.82054
13.88121
13.7545
13.70247
13.85891
13.89963
13.98268
14.00659
13.88545
13.74789
13.89416
13.82986
13.94795
14.05536
13.83606
13.56846
13.89688
13.94242
13.77041
13.78584
13.75956
13.67938
13.73846
13.85589
13.70083
13.79293
13.74711
13.90534
13.85144
13.81951
13.78768
13.77109
13.79612
13.85392
13.95025
13.91756
13.77776
13.6875
13.75198
13.8373
13.81292
13.79932
13.73698
13.76648
13.7044
13.56744
13.79445
13.76184
13.89747
13.81302
13.77332
13.96663
13.80569
13.86431
13.85479
14.03089
13.87639
13.78522
13.89409
13.92648
13.8055
13.83885
14.01092
13.68082
13.60932
13.80601
13.73077
13.67359
13.92363
13.93917
13.88262
13.70967
13.84403
13.79263
13.77133
13.90196
13.84836
14.04193
13.68835
13.81564
13.82085
13.63848
13.74219
13.91852
13.90957
13.71515
13.48011
13.78746
13.61769
13.84674
13.81749
13.71003
13.9932
13.69238
13.82893
13.86201
13.9355
13.65668
13.91752
13.82865
13.84511
13.69516
13.60694
13.82377
13.72406
13.91668
13.77932
13.8092
13.86026
13.8431
14.02861
13.804
13.72739
13.91839
13.92076
13.7265
13.87541
13.75819
13.78954
13.78299
13.67224
13.72359
13.67244
13.73463
13.90138
13.77563
13.8341
13.75511
13.88674
13.9249
13.66243
13.89502
13.79304
13.80053
13.80015
13.94992
13.74269
13.85522
13.72363
13.77578
13.71867
13.80863
13.89234
13.84484
13.81227
13.63855
13.77684
13.62939
13.86893
14.00794
13.91134
13.94817
13.8185
13.77227
13.90531
13.8991
13.75409
13.71041
13.75907
13.75468
13.80289
13.88669
13.78041
13.86586
13.7051
13.90699
13.84156
13.81463
13.82217
14.00715
13.74507
13.81644
13.67594
13.71662
13.75842
13.77732
13.84801
13.70441
13.71924
13.75851
13.9155
13.81867
13.71762
14.03338
13.88986
13.83107
13.76963
13.74819
13.93368
13.56262
13.72967
13.8375
13.78268
13.78163
13.50597
13.69994
13.77858
13.75999
14.02229
13.74314
13.76394
13.82135
13.75807
13.71207
13.94638
13.77372
13.76431
13.59684
13.81164
13.94998
13.99865
13.78468
13.64383
13.80354
13.90153
13.83233
13.57534
13.76509
13.90187
13.87687
13.6557
13.71062
13.79898
13.79485
13.88461
13.76192
13.79447
13.70948
13.87136
13.96945
14.04242
14.01035
13.83319
14.00944
14.00414
13.83337
13.90222
13.79482
13.97981
14.13045
13.72907
13.79447
13.78376
14.01143
13.70661
13.9389
13.84455
13.91638
13.74109
13.7263
13.59641
13.82185
13.77173
13.76658
13.76303
13.73061
13.86024
13.81216
13.82751
13.82108
13.572
13.64405
13.62632
13.73885
13.75396
13.91277
14.02803
13.8073
13.91342
13.8723
13.9305
13.52508
14.00862
13.88397
13.7836
13.82416
13.85893
13.78365
13.67223
13.65723
13.72754
13.7325
13.66541
13.66462
13.93974
13.78176
13.90862
13.71395
13.84473
13.87242
13.89131
13.69813
13.64899
13.76187
13.81904
13.76063
13.95918
13.5989
13.58637
13.81336
13.74823
13.79225
13.70289
13.70698
13.76766
13.93678
13.76798
13.77472
13.84167
13.81814
13.82162
13.86928
13.72382
13.82778
13.83218
13.79838
13.8023
13.74878
13.78603
13.89603
13.91424
13.89534
13.7102
13.76022
13.77112
13.80603
13.7384
13.91974
13.93276
13.72216
13.78328
13.67528
13.9137
13.92137
13.88858
13.80251
13.71469
14.03405
13.68784
13.89466
13.75604
14.08166
13.71808
13.93241
13.92412
13.76097
13.76616
13.58984
13.78641
13.88196
13.65955
13.80261
13.8342
13.9227
13.77314
13.93208
14.03723
13.82221
13.97445
13.84573
13.90848
13.79343
13.92381
13.58731
13.73981
13.7942
13.77373
13.7148
13.84901
13.82854
13.89448
13.78303
13.60865
13.6188
13.73796
13.74586
13.82505
13.71167
13.77412
13.73167
13.86107
13.93918
13.83603
13.87967
13.92521
13.89095
13.82094
13.87185
13.82006
13.9784
13.92306
13.8131
13.98691
13.7928
13.75891
13.91902
13.8431
13.77809
13.79124
14.00415
13.94351
13.89726
13.80084
13.6643
14.00143
13.80397
13.8598
13.79874
13.77495
13.94687
13.72324
13.94969
13.70099
13.83795
13.76736
13.73153
13.76608
13.67676
13.8907
13.91954
13.92413
13.88228
13.77808
13.84913
13.85132
13.79048
13.79611
13.83843
13.97786
13.76909
13.76461
13.72031
13.85702
13.8636
13.89986
13.97306
13.77941
14.02516
13.89702
13.71328
14.03438
13.81222
13.71988
13.65248
13.60841
13.85817
13.81923
13.77891
13.74127
13.96716
13.64504
13.75008
13.79924
13.71437
13.72617
13.66299
13.81456
13.90761
13.83341
13.78966
13.68075
13.92336
13.76819
13.82467
14.01329
13.88645
13.9041
13.76821
13.77701
13.80538
13.92666
13.54356
13.77104
13.73168
13.75106
13.82556
13.83201
13.93081
13.71258
13.84084
13.75668
14.00249
13.49734
13.79625
13.74193
13.75555
13.80449
13.70996
13.78336
13.99489
14.02361
13.74324
13.68531
13.69513
13.90517
13.67184
13.77443
13.91178
13.55327
13.79397
13.821
13.75055
13.76229
13.69501
13.81443
13.90642
13.69947
13.91641
13.81714
13.78335
13.88693
13.8521
13.77147
13.73518
13.819
13.81945
13.735
13.9659
13.78606
13.83371
13.76958
13.86759
13.66732
13.53862
13.82669
13.65271
13.75527
13.91843
13.52975
13.67609
13.75249
13.77203
13.86194
13.74802
13.6857
13.65843
13.83237
13.72441
13.67434
13.72861
13.8777
13.61778
13.76505
13.77767
13.71859
13.87618
13.74888
13.89431
13.68385
14.00097
13.75447
13.92556
13.60807
13.7436
13.83503
13.61061
13.81513
13.719
14.01993
13.7948
13.74162
13.724
13.8217
13.66891
13.79964
13.78522
13.75054
13.91495
13.91404
13.87481
13.89676
13.78043
13.49595
13.83621
13.73487
13.90363
13.90002
13.93944
13.85397
13.80319
13.93538
13.57117
13.79193
13.80896
14.01413
13.6628
13.76619
13.85344
13.71193
13.83108
13.88591
13.70156
13.71336
13.70946
13.81354
13.6
13.73035
13.9545
13.8229
13.55798
13.683
13.86393
13.82876
13.87549
14.01946
13.7394
13.79711
13.98217
13.71759
13.84264
13.88953
13.7797
13.72947
13.83279
13.92623
13.87602
13.81307
13.86949
13.89945
13.92052
13.98418
13.87569
13.78112
14.0098
13.75504
13.84378
13.79125
13.82311
13.8985
13.76704
13.93728
13.77976
13.8061
13.90935
13.83081
13.9401
13.89991
13.86816
13.85237
13.78411
13.7684
13.85299
13.65443
14.06499
13.48179
13.70442
13.86792
13.71321
13.79599
13.80142
13.82575
13.92667
13.83793
13.76472
13.99085
13.85347
13.85989
13.76653
13.70505
13.74938
13.77325
13.93398
13.82156
13.83095
13.95613
13.94373
13.90877
13.90948
13.77553
13.90834
13.81217
13.85629
13.96763
13.67625
13.85482
13.93692
13.49302
13.79836
13.75013
13.82798
13.64995
13.73362
13.96952
13.83257
14.01017
13.52354
13.73341
13.87019
13.83147
13.82756
13.81298
13.8254
13.87822
13.78768
13.83869
13.73481
13.73091
13.61539
13.7221
13.91738
13.71372
13.80537
13.98721
13.69141
13.93235
13.95359
13.71969
13.88427
13.87905
13.72172
13.64229
13.77592
13.63842
13.95982
13.7634
13.7612
13.74085
13.86926
13.92671
13.74826
13.90511
13.7558
13.8198
13.69393
13.86403
13.95948
13.83809
13.74419
13.65477
13.83222
13.54971
13.74317
13.78769
13.73185
13.62783
13.90624
13.79695
13.80033
13.81523
13.78232
13.78647
13.84413
13.74602
13.8136
13.75139
13.77667
13.77424
13.85287
13.87117
13.73639
13.86568
13.81632
13.65725
13.67706
13.77301
13.74151
13.85001
13.68217
13.90862
13.65138
13.8887
13.87243
13.54243
13.75691
13.53179
13.64681
13.74953
13.82416
13.71059
13.78368
13.60784
13.97072
13.8715
13.8452
13.85792
13.66484
13.6577
13.92911
13.79059
13.73623
13.82896
13.91534
13.93665
13.90064
13.6969
13.65408
13.71537
13.68186
13.73272
14.01246
13.84952
13.70547
13.79869
13.85963
13.89662
13.84289
13.93893
13.65961
13.93073
13.66557
13.88739
13.9764
13.91181
13.9417
13.82853
13.85741
13.80914
13.84902
13.8559
13.78257
13.88796
13.70051
13.86129
13.7796
13.77114
13.85441
13.89578
13.88336
13.90593
13.64297
13.73436
13.68414
13.81512
13.78444
13.93866
13.8271
13.85847
13.642
13.77193
13.84681
13.9371
13.81184
13.74453
13.8324
13.5779
13.78698
13.75832
13.89976
13.90481
13.89284
13.59899
13.76959
13.70652
13.82401
13.67176
13.99384
13.70083
13.6616
13.95784
13.91856
13.7199
13.87071
13.75862
13.74238
13.91482
13.87359
13.81737
13.87485
13.74404
13.83417
13.93224
13.70642
13.9199
13.6338
13.95788
13.7368
13.71495
13.88111
13.58355
14.08537
13.77963
13.69323
13.82343
13.82234
13.73757
13.66729
13.93778
13.82144
13.75811
13.82544
13.93698
13.83216
13.84168
13.76279
13.82709
13.83246
13.80889
13.9743
13.61595
13.79841
13.87491
13.80214
13.87786
13.90519
13.80207
13.60082
13.82083
13.68904
13.77508
13.842
13.87119
13.94771
13.94663
13.78175
13.59646
13.85821
13.90256
14.08248
13.88876
13.88587
13.70395
13.84007
13.70233
13.71036
13.73346
13.94861
13.70052
13.74316
13.77463
13.70708
13.72663
13.52029
13.70801
13.64748
13.95859
13.9262
13.99448
13.81483
13.69508
13.91224
13.82154
13.78875
13.93125
13.81557
13.84771
13.7497
13.93327
13.6171
13.88535
13.63539
13.5986
13.75469
13.83778
13.85479
13.69755
13.92603
14.0405
13.82746
13.60131
13.93286
13.77716
13.75822
13.80633
13.75529
13.81184
13.78486
13.88491
13.84231
13.60019
13.80897
13.96004
13.65891
13.5797
13.95649
13.9853
13.88685
13.69461
13.77767
13.96444
13.65353
13.49836
13.75963
13.72304
14.01382
13.97558
13.84648
13.70331
13.87492
13.79542
14.01704
13.8396
13.75104
13.81805
13.69487
13.9333
13.84954
13.69362
13.94324
13.82935
13.87404
13.90777
13.94884
13.8235
13.98322
13.78988
13.89806
13.79151
13.73693
13.75781
13.72107
13.839
13.81765
13.70874
13.60752
13.82701
13.71229
13.77482
13.79843
13.76487
13.75682
13.79388
13.85735
13.88325
13.64194
13.85373
13.90152
13.78565
14.0206
13.85523
13.93032
13.81123
13.89591
13.94185
13.99892
13.62375
13.9575
13.82005
13.64492
13.72194
13.61496
13.68295
13.94059
13.86487
13.80628
13.82294
13.68928
13.66492
13.66604
13.81854
13.7083
13.64951
13.65909
13.86196
13.84828
13.76637
13.91124
13.99803
13.78294
13.93496
13.8595
13.72615
13.86134
13.77398
13.8685
13.67605
14.05026
13.70246
13.82925
13.63898
13.73638
13.88392
13.94791
13.634
13.87011
13.88615
13.99224
13.88163
13.70462
13.80528
13.92971
13.68496
13.98533
13.76287
13.52302
13.91112
13.70596
13.90925
13.72866
13.7271
14.03359
13.77034
13.76071
13.79532
13.79624
13.77716
14.01941
14.08791
13.70275
13.81212
13.97037
13.75368
13.87495
13.93632
13.79595
13.65427
14.11865
13.86869
13.66342
13.80416
13.71058
13.96221
13.75174
13.8855
13.67848
13.75992
13.86091
13.87978
13.828
13.94053
13.88667
13.8224
13.79794
13.78745
13.64834
13.84934
13.8373
13.74643
13.88658
13.70133
13.84371
13.98589
13.96281
13.80982
13.63311
13.85495
13.81179
13.74299
13.81269
13.57543
13.69845
13.66003
13.63779
13.69668
13.54025
13.79216
13.92798
13.66025
13.80127
13.92216
13.83641
13.74932
13.71839
13.92625
13.728
13.78957
13.82768
13.7754
13.92111
13.83943
13.80184
14.07457
13.53959
13.77986
13.76147
13.902
13.76444
13.74819
13.79516
13.81211
13.706
13.77251
13.8955
13.83691
13.738
13.69973
13.71611
13.79623
13.72443
13.81979
13.80268
13.87788
13.89264
13.78504
13.86241
14.06661
13.72182
13.9454
13.93447
13.81034
13.50279
13.85562
13.88113
13.91246
13.86142
13.79415
13.63145
13.80671
13.62736
13.98853
14.01455
13.90099
13.79051
13.73913
13.86093
13.91081
13.88711
13.72997
13.92691
13.93125
14.09863
13.7132
13.95853
13.65976
14.0743
13.68435
13.81674
13.67661
13.92009
13.75258
13.82976
14.03667
13.75573
13.89899
13.97669
13.64536
13.84552
13.61957
13.9872
13.99172
13.65735
13.82295
13.93691
13.64334
13.70393
13.78407
13.74425
13.80387
13.85216
13.61387
13.65505
13.8886
13.82676
13.81135
13.77235
13.8976
13.82417
13.72217
13.88169
13.79038
13.96655
13.82728
13.95029
13.61832
13.82703
13.66744
13.74539
13.81938
13.86626
13.79816
13.79149
13.7681
13.79558
13.61219
14.01977
13.95876
13.85371
14.00721
13.96188
13.64638
13.8546
13.68595
13.88762
13.78248
13.73258
13.91232
13.74886
13.82413
14.00085
13.81019
13.70396
13.88309
13.91033
13.76464
13.82585
13.90749
13.85495
13.65972
13.84333
13.71875
13.95035
13.8509
13.66459
13.85757
13.85836
13.76081
13.85371
13.81407
13.7134
14.03984
13.67577
13.86117
13.85113
13.7946
13.75809
13.76863
13.87625
13.86715
13.67108
13.8208
13.7885
13.74803
13.69541
13.89177
13.80701
13.62125
13.89144
13.92282
13.79403
13.74391
13.81207
13.81287
13.70799
13.66336
13.79939
13.69639
13.64247
13.92374
13.946
13.85745
13.71731
13.68879
13.9175
13.63424
13.73229
13.77088
13.90421
13.8839
13.8879
13.81554
13.8069
13.70016
13.70258
13.83541
13.86054
13.88351
13.83049
13.84227
13.91279
13.8181
13.70902
13.90757
13.72758
13.88417
13.85689
13.84217
13.85167
13.93504
13.73632
13.78465
13.87171
13.79647
13.70914
13.75638
13.83357
13.77149
13.90625
14.00111
13.89718
13.72478
13.78704
13.71414
13.97587
13.90746
13.83569
13.84509
13.75409
13.70739
13.84463
13.89776
13.96585
13.61313
13.99058
13.79852
13.79212
13.78944
13.80716
14.03821
13.67606
13.65731
13.70604
13.67647
13.82834
13.97614
13.89203
13.60138
13.85451
13.68009
13.86775
13.81693
13.96871
13.89867
13.90533
13.81792
13.79079
14.0128
13.78624
13.72695
13.71411
13.78464
13.67202
13.70238
13.89095
13.91316
13.78284
13.80658
13.72507
13.72075
13.80874
13.72387
14.00257
13.79316
13.83742
13.85955
13.86119
13.89989
13.78393
13.85536
13.94928
13.8895
13.9782
13.74529
13.86843
13.74509
13.83139
13.97289
13.82099
13.76525
14.01197
13.76361
13.84399
13.82597
13.80403
13.81038
13.89264
13.84147
13.81457
13.92972
13.58402
13.88582
13.81424
13.79042
13.80272
13.85114
13.70142
13.71318
13.9873
13.66936
13.73678
13.85242
13.91703
13.90375
13.6042
13.88447
13.87005
13.80928
13.68923
13.82245
13.80188
13.85641
13.89802
13.79487
13.82703
13.81901
13.80651
13.6973
13.6528
13.76049
13.8595
13.75597
13.643
13.87476
13.71709
13.93214
13.65811
13.90034
13.80938
13.72225
13.78055
13.79761
13.67159
13.92224
13.681
13.69906
13.79865
13.83346
13.85869
13.76207
13.5468
13.67784
13.82419
13.81531
13.8424
13.78495
13.89488
13.44843
13.73915
13.88438
13.93877
13.73264
13.81492
13.7291
13.90806
13.82319
13.99227
13.66277
13.84104
13.79691
13.66751
13.84572
13.88162
13.8346
13.86168
13.97555
13.80472
13.78942
13.86092
13.80662
13.72517
13.74362
13.6034
13.89555
13.8037
13.9881
13.56545
13.93739
13.88926
13.95408
13.81934
13.71133
13.78823
13.73232
13.62602
13.64117
13.81579
13.7847
13.8927
13.62375
13.89384
13.77358
13.87544
13.83938
13.92387
13.90865
13.71401
13.81513
13.76614
13.79219
13.93559
13.69486
13.95661
13.961
13.75718
13.86184
13.63582
13.83546
13.82838
13.8674
13.97075
13.73311
13.80173
13.82357
13.8848
13.73712
13.75199
13.81874
13.81639
13.78252
13.77375
13.83468
13.79984
13.87722
13.83046
13.91915
13.73
13.82178
13.58717
13.80409
13.94282
13.85964
13.63429
13.75612
13.81597
13.90021
14.03109
13.96433
13.9182
13.95788
13.79846
13.86629
13.80495
13.82366
13.79667
13.60295
13.68931
13.80319
13.87283
13.75967
13.70171
13.67083
13.6793
13.91967
13.93047
13.70176
13.89218
13.76316
13.73595
13.78566
13.80758
13.8485
13.85908
13.82304
13.98711
13.87039
13.86285
13.72457
13.79632
13.73005
13.86193
13.90803
13.88519
13.82792
13.69577
13.83644
13.88539
13.66946
13.87662
13.83764
13.61818
13.55768
13.71968
13.78847
13.69498
13.75304
13.6451
14.03594
13.81808
13.85973
13.90101
13.92852
13.8518
13.84661
13.88683
13.87633
13.75837
13.90174
13.62274
13.83787
13.86999
13.85094
13.74343
13.68214
13.56479
13.79837
13.71721
13.71813
13.91519
13.60668
13.97617
13.81287
13.74105
13.79051
13.80671
13.65914
13.72807
13.76038
13.86352
14.00865
13.70638
13.78047
13.65874
13.74273
13.90289
13.74288
13.931
13.91219
13.90112
13.85959
13.55688
13.67271
13.95879
13.7695
13.80395
13.77224
13.80102
13.81741
13.75988
13.86084
13.83688
13.74103
13.60979
13.90471
13.83258
13.78547
13.81638
13.75714
13.81889
13.8956
13.73542
13.6159
13.83824
13.8208
13.63427
13.81273
13.70245
13.71068
13.86495
13.80649
13.99342
13.97029
13.86435
13.82054
13.86598
13.89208
13.79463
13.68592
13.63245
13.77544
13.7806
13.94026
13.76815
13.765
13.64662
13.63692
13.62815
13.88896
13.81245
13.9202
13.80526
13.85143
13.79183
13.94088
13.75041
13.88961
14.00369
13.78966
13.84717
13.95362
13.7965
13.72287
13.72283
13.83985
13.89872
13.87475
13.8563
13.70726
13.82526
13.83579
13.76542
13.68525
13.94272
13.91901
13.81893
13.92107
13.72152
13.89382
13.75684
13.78243
13.76266
13.6802
13.83391
13.85821
13.76502
13.77872
13.90727
13.96866
13.86356
13.91946
13.80054
13.78757
13.57168
13.65836
13.85757
13.89751
13.87835
13.67235
13.83766
13.53882
13.91537
13.7239
13.8832
13.81729
13.82826
13.96814
13.87651
13.81703
13.70744
13.76086
13.88821
13.65104
13.81874
13.83809
13.79491
13.67766
13.81159
13.66788
13.80749
14.02534
13.95301
13.71927
13.82224
13.79839
13.87698
13.96508
13.803
13.70105
13.73029
13.92883
13.87578
13.96058
13.8082
13.76621
13.74154
13.84668
13.69086
13.76427
13.89779
13.8551
13.65724
13.88216
13.73093
13.86671
13.67104
13.79419
13.785
13.82291
13.83504
13.71759
13.90807
13.73177
13.88995
13.69739
14.02901
13.5987
13.96055
13.61336
13.83157
13.77911
13.79792
14.03449
13.97003
13.74707
13.80629
13.91276
13.83845
13.71902
13.71394
13.57903
13.9552
13.71504
13.80671
13.69717
13.77357
13.65131
13.7299
13.61541
13.55195
13.66018
14.00825
13.82296
13.81685
13.85331
13.61296
13.84397
13.69097
13.92369
13.62856
13.62225
13.75799
13.60368
13.81622
13.7119
13.88025
13.60286
13.68452
13.81869
13.86367
13.9397
13.82065
13.88707
13.63231
13.63864
13.85534
13.84651
13.82435
14.09279
13.68547
13.884
13.93542
13.87055
13.81506
13.75534
13.51195
13.82742
13.92542
13.79862
14.0334
13.83093
13.89312
13.80515
13.58588
13.86045
13.83294
13.82797
13.98507
13.72007
13.82318
13.73799
13.7551
13.72706
13.69981
13.7226
13.74824
13.95514
13.9069
13.77145
13.71395
13.71226
13.81597
13.74245
13.81656
13.94278
13.86536
13.83779
14.03598
13.69924
13.65252
13.75609
13.74194
13.85715
13.79985
13.81603
13.85889
13.93903
13.66365
13.8585
13.81267
13.83687
13.83433
13.83315
13.75432
13.8514
13.66109
13.89984
13.72173
13.83016
13.72336
13.76093
13.84819
13.86305
13.80148
13.84409
13.8009
13.85214
13.9138
13.68628
13.69498
13.87043
13.84475
14.05889
13.83982
13.77373
13.65687
13.86948
13.96591
13.71549
13.87254
13.85133
13.70839
13.80543
13.8689
13.85426
14.0802
13.81143
13.75842
13.88794
13.82329
13.78212
13.83206
13.89017
13.58512
13.65912
13.72088
13.71698
13.95365
13.70729
13.72905
13.90682
13.87532
13.77183
13.83467
13.75448
13.70884
13.87368
13.66943
13.73763
13.89433
14.06714
13.71401
13.87511
13.75988
13.83974
13.98043
13.8145
13.73166
13.75107
13.80772
13.94652
13.63553
13.68444
13.86137
13.78318
13.44216
13.88684
13.78088
13.5479
13.90614
13.93371
13.73327
13.87099
13.85027
13.94489
13.73135
13.69683
13.85889
13.75556
13.79865
13.76996
13.76825
13.81748
14.11095
13.83843
13.71185
13.69844
13.96904
13.82951
13.88429
13.78817
13.84568
13.88551
13.87411
13.76859
13.9539
13.76934
13.80386
13.85746
13.83601
13.63439
13.77478
13.88996
13.91386
13.83017
13.6286
13.83586
13.8255
13.85857
13.81075
13.8736
13.76109
13.87587
13.80431
13.83327
13.68092
13.87167
13.82277
13.73127
13.78921
13.7143
13.65553
13.84643
13.80673
13.74521
13.74868
13.84449
13.93258
13.75711
13.74775
13.75293
13.79002
13.89934
13.98495
13.7167
13.85148
13.80234
13.73714
13.8687
13.67528
13.88328
13.86327
13.74262
13.9098
13.75399
13.87719
13.85787
13.77905
13.91233
13.89748
13.91968
13.7616
13.98407
13.65045
13.74764
13.8714
13.84197
13.87406
13.78722
13.86828
13.86673
13.63919
13.84749
13.86404
13.71204
13.85406
13.81274
13.84631
13.59377
13.86525
13.86253
13.79416
13.69306
13.97185
13.79676
13.82654
13.98187
13.54043
14.04239
13.88395
14.01212
13.67653
13.7161
13.78745
13.84567
13.64289
13.67168
13.70075
13.90711
13.96376
13.74504
13.76607
13.75079
13.88417
13.83133
13.7704
13.85135
13.77569
13.88717
13.74353
13.90602
13.68699
13.58862
13.89541
13.81284
13.80085
13.92148
13.7567
13.99243
13.69644
13.80163
13.75324
13.73639
13.82901
13.78052
13.71512
13.81653
13.63438
13.9744
13.75198
13.76461
13.69039
13.79828
13.97701
13.72634
13.59803
13.78044
13.75154
13.87611
13.76533
13.57168
13.73616
13.87884
13.862
13.7839
13.67079
13.83097
13.8767
13.84973
13.94807
13.94725
13.76267
13.88982
14.06789
13.90691
13.87783
13.98527
13.82822
13.74877
13.74787
13.70296
13.98728
13.87607
13.74995
13.72009
14.00361
13.81181
13.58104
13.76374
13.96035
13.81039
13.90536
13.7749
13.84901
13.91182
13.67988
13.90064
13.56976
13.83307
13.73321
13.83655
13.84461
13.80002
13.75811
13.79105
13.97591
13.72126
13.71157
13.64159
13.80576
13.91327
13.81682
13.71516
13.78783
13.75217
13.82122
14.00082
13.70227
13.83233
13.78952
13.90465
13.90778
13.77448
13.84014
13.99997
13.7837
13.76309
13.89918
13.87513
13.95841
14.06402
13.76628
13.94317
13.95049
13.74354
13.68454
14.05107
13.8186
14.01248
13.87659
13.74997
13.7751
13.78484
13.69384
13.83184
13.65383
13.76661
13.87809
13.71241
13.79208
13.73621
13.71911
13.81179
13.68099
13.81999
13.785
13.92023
13.77646
13.7523
13.84443
13.68841
13.77166
13.84699
13.86122
13.9085
13.91111
13.80866
13.90541
13.87689
13.66835
13.92153
13.78795
13.78985
13.77744
13.69805
13.83545
13.80414
13.863
13.9875
13.92815
13.75488
13.6768
13.95199
13.78377
13.64348
13.81603
13.86399
13.80969
13.95086
13.79324
13.91887
13.75502
13.77917
13.7432
13.71673
14.02138
13.93362
13.70797
13.83834
13.71875
13.85392
13.79398
13.97556
13.71556
13.62797
13.78166
13.91011
13.80177
13.60881
13.96517
13.65054
13.7626
13.7463
13.81721
13.83418
13.85048
13.56453
13.64125
13.75335
13.71013
13.82222
13.87042
13.60027
13.64391
13.72185
13.90899
13.73047
13.85311
13.63881
13.74268
13.76194
13.90151
13.78521
13.69656
13.84391
13.80867
13.68728
13.97024
13.89277
13.80464
13.84482
13.66499
13.7505
13.902
13.73067
13.98532
13.87921
13.7716
13.83325
13.64226
13.88374
13.89887
13.84788
13.62888
13.87768
13.92237
13.89371
13.54344
13.90784
14.06908
13.94665
13.95073
13.92548
13.71758
13.64152
13.79764
13.86003
13.79666
13.55336
13.53756
13.91595
13.92269
13.68152
13.47821
13.536
13.90208
13.79545
13.82886
13.85362
13.82966
14.07861
13.8658
13.58947
13.88382
13.8327
14.02317
13.85988
13.76969
13.8508
14.08185
13.83598
13.79502
13.9444
13.89672
13.75725
13.63562
13.73998
13.68444
13.71216
13.83095
13.86411
14.01202
13.90095
13.76006
13.80214
13.94689
13.90132
13.61773
13.84517
13.94099
13.92448
13.87163
13.72731
13.73463
13.84224
13.84563
13.95137
13.72608
13.89655
13.72472
13.70601
13.86044
13.85231
13.82006
13.57667
13.82745
13.85088
13.8635
13.66268
13.93326
13.64568
13.92984
13.71518
13.80666
13.80578
13.95136
13.92444
13.98584
13.95808
13.89717
13.784
13.67433
13.85788
13.88931
13.71728
13.79882
13.76551
14.02267
13.763
13.70009
13.79549
13.75163
13.67743
14.0014
13.85113
14.05665
13.97272
13.67264
13.78967
13.61796
13.87526
13.83841
13.79243
13.74635
13.67592
13.90006
13.61054
14.13652
13.70327
13.82158
13.76129
13.71979
13.71942
13.85402
13.76181
13.69522
13.76755
13.8673
13.71128
13.78988
14.02939
13.70218
14.00555
13.8633
13.82393
13.83137
13.91062
13.82522
13.69857
13.85732
13.62758
13.82339
13.74702
13.83999
13.74281
13.79982
13.92741
13.91596
13.82756
13.86064
13.75993
13.78595
14.05016
13.76269
13.7926
13.47591
13.98914
13.80275
13.65953
13.84148
13.7049
13.76383
13.74581
13.86356
13.77111
13.83471
13.82795
13.76917
13.76325
13.65191
13.83741
13.78854
14.00026
13.75783
13.82159
13.79517
13.85585
13.79957
13.71536
13.80015
13.81029
13.94865
13.73974
13.87828
13.66421
13.82916
13.70185
13.5649
13.84294
13.96146
13.90246
13.80294
13.89579
13.98458
13.83562
13.99449
13.72607
13.82048
13.65107
13.72966
13.99072
13.96695
13.713
13.75291
13.81
13.74043
14.01712
13.78472
13.84876
13.77445
13.79965
13.81341
13.85729
13.62185
13.82138
13.95865
13.86264
14.03885
13.82367
13.69872
13.71695
13.60004
13.85738
13.55011
14.09378
13.75864
13.91254
13.68823
13.85862
13.82684
13.63147
13.84445
13.87524
13.74004
13.94221
13.85259
13.8573
14.17781
13.79891
13.93646
13.92012
13.75308
13.93089
13.81475
13.61635
13.88256
13.58944
13.77133
14.02243
13.88049
13.78579
13.85321
13.85287
13.73247
13.75648
13.77944
13.87652
13.81942
13.73909
13.86939
13.82388
13.63631
14.05637
13.54743
13.75217
13.88285
13.89431
13.98003
13.75124
13.77952
13.58056
13.87624
14.01123
13.80455
13.67416
13.80288
13.92553
13.73427
13.71947
13.8966
13.7845
