9.945064
9.942206
10.03972
10.17885
9.976134
9.735689
9.558253
9.463198
9.586415
9.359302
9.234724
9.587789
9.404629
9.441272
9.451726
9.461365
9.214231
9.027112
8.929842
8.88055
8.905753
9.012049
8.663049
8.649495
8.59315
8.691186
8.564721
8.535357
8.633611
8.735531
8.696815
8.90143
8.972174
8.858142
8.805899
8.946024
8.776137
8.857552
8.760288
8.716818
8.748892
8.896703
8.926821
8.657754
8.646887
8.578168
8.566195
8.555812
8.658827
8.714472
8.823236
9.079791
8.860822
9.174781
9.055164
9.033292
9.192193
8.999374
8.81559
8.82898
8.933086
9.074539
9.042136
9.02981
8.916904
8.943492
9.018137
9.010107
9.251966
9.360053
9.457851
9.456516
9.329022
9.087577
9.142303
8.931774
8.743591
8.714876
8.898746
8.899532
8.873638
9.010064
8.957691
8.936741
9.069782
9.19331
8.928847
8.848875
8.917385
9.057209
8.887465
8.866796
8.9528
8.929687
9.067471
8.95243
8.991502
9.132982
8.957104
9.038035
9.306588
9.281289
9.246742
9.354551
9.529718
9.230239
8.837556
9.044237
9.025918
9.098842
9.078719
9.180198
8.880989
9.306509
9.23918
9.161255
9.157427
9.06406
8.938393
9.04792
9.269548
9.368921
9.424546
9.25052
9.312967
9.370708
9.444449
9.248886
9.241707
9.052576
9.076919
9.171048
8.954568
9.034699
9.11036
9.261617
9.05168
8.737064
8.660566
8.72495
8.711305
8.617517
8.478145
8.820497
8.877795
8.72096
8.605343
8.675151
8.428778
8.433814
8.750328
8.859641
8.794476
8.935475
8.760029
8.946791
9.323355
9.249924
8.943191
9.025862
9.063895
9.310155
9.243875
9.280227
9.282104
8.977096
8.933559
8.901919
8.875168
8.897748
8.919864
8.853851
8.917322
9.053634
8.8796
8.754425
8.849124
8.700254
8.464876
8.381343
8.539372
8.411423
8.333613
8.260793
8.294836
8.209149
8.199309
7.920596
7.969118
7.964887
8.133594
8.279355
8.406726
8.499608
8.562748
8.645126
8.764021
8.74427
8.686133
8.848872
8.949232
9.028626
9.045984
9.22212
9.341405
9.409396
9.460276
9.430899
9.380148
9.377173
9.385165
9.252632
9.216708
9.132265
9.31017
9.198916
9.111265
9.25879
8.908261
9.042477
8.82352
8.959568
8.942425
8.906382
8.788458
8.74185
8.735814
8.728106
8.87402
8.821064
8.709071
8.781763
8.896163
8.758317
8.6383
8.517387
8.364101
8.474129
8.485515
8.370124
8.341851
8.300278
8.204141
8.327778
8.245564
8.292704
8.552189
8.591799
8.525279
8.480886
8.406785
8.422676
8.436516
8.330717
8.39773
8.802771
8.733311
8.767106
8.576885
8.834611
8.723538
8.579181
8.650304
8.633329
8.707793
8.582666
8.482163
8.525424
8.471019
8.381445
8.319947
8.07414
8.142151
7.980659
7.964869
8.056229
8.124648
8.179397
8.131448
8.196666
8.280782
8.413916
8.51498
8.498185
8.372975
8.489916
8.655529
8.574007
8.594806
8.614359
8.617076
8.785476
8.911776
8.714223
8.763167
8.749688
8.713646
8.558538
8.614543
8.453781
8.251293
7.990636
7.94738
7.930182
7.891652
8.007949
8.087969
8.16282
8.374513
8.340611
8.380295
8.32709
8.369945
8.546383
8.73186
8.603653
8.608329
8.558362
8.587364
8.512961
8.44789
8.339316
8.367254
8.225674
8.25201
8.213385
8.250835
8.412948
8.485781
8.464499
8.523447
8.488583
8.518929
8.348202
8.149572
8.347431
8.423698
8.413532
8.293069
8.281642
8.277889
8.330956
8.719715
8.844328
8.799666
9.000297
9.263209
9.432993
9.389607
9.560981
9.445671
9.37319
9.396585
9.423951
9.228539
9.519437
9.467586
9.535685
9.647603
10.01794
10.06934
9.957741
9.895542
9.674811
9.406959
9.414365
9.423441
9.321894
9.195031
9.283625
9.294629
9.559703
9.49123
9.254922
9.194776
9.150574
9.118652
9.233959
9.461889
9.663589
9.468643
9.730722
9.83887
10.11615
10.10233
10.27424
10.36407
10.26188
10.06678
10.00909
9.806971
9.884765
9.889297
9.67245
9.571316
9.507069
9.662504
9.75691
9.772976
9.368895
9.330535
9.405488
9.414028
9.306527
9.206589
9.12491
9.157153
9.425121
9.427593
9.472741
9.399126
9.563635
9.626203
9.373888
9.515839
9.514106
9.452174
9.436478
9.545846
9.553944
9.56983
9.712894
9.510546
9.393356
9.313766
9.305143
9.369181
9.115987
9.207572
9.107162
9.086962
9.084878
8.691843
8.705595
8.497102
8.376848
8.251464
8.366908
8.010124
8.071375
8.100796
8.263347
8.36519
8.188596
8.441703
8.6241
8.762466
8.535865
8.62105
8.67654
8.545287
8.593212
8.581119
9.023107
8.900326
8.772511
8.729835
8.558347
8.619381
8.592191
8.462616
8.43733
8.529958
8.66261
8.657599
8.667578
8.557925
8.614759
8.456841
8.58546
8.350219
8.421155
8.639856
8.664444
8.600749
8.759404
8.78444
8.858944
9.111422
9.097877
9.193495
9.192294
9.268362
9.01273
8.66841
8.775882
8.927546
9.022988
9.049131
8.865199
8.778996
8.683195
8.675537
8.699824
8.806153
8.673354
8.748728
8.857956
8.734411
8.92299
9.076942
9.076565
9.053656
9.153565
9.163321
8.984045
9.043416
8.871561
9.097578
8.837353
8.845248
8.960449
9.050787
9.076442
8.833503
8.753801
8.536126
8.743926
8.737433
8.862744
8.797451
8.662392
8.626366
8.533148
8.464797
8.338239
8.356498
8.449684
8.326503
8.452524
8.420098
8.461619
8.478502
8.431644
8.372351
8.214076
7.971926
8.25299
8.064087
8.202792
8.348462
8.393893
8.526297
8.371035
8.256311
8.22131
8.268796
8.442212
8.4833
8.529441
8.693019
8.816307
8.585332
8.767233
8.638697
8.502429
8.621066
8.713715
8.755696
8.834474
8.741335
8.578305
8.50287
8.702879
8.607198
8.327374
8.476314
8.439041
8.206616
8.345993
8.354299
8.169037
8.008458
8.147482
8.336741
8.216873
8.165216
8.203266
8.095221
7.958352
7.792883
7.739928
7.927366
7.929731
8.129162
8.124973
8.144581
8.164456
8.231524
8.182463
8.234344
8.274897
8.400896
8.50104
8.54242
8.468293
8.314153
8.364889
8.57849
8.63686
8.547314
8.191518
7.932569
7.930646
8.047344
8.058706
8.293686
8.643622
8.537678
8.563412
8.515285
8.765311
8.793169
8.812506
8.847387
8.716319
8.457651
8.311834
8.370842
8.321232
8.160578
8.241259
8.500518
8.555377
8.613389
8.629383
9.149379
9.378149
9.540352
9.667008
9.91288
10.19735
10.14268
10.20155
10.16317
10.44786
10.21951
10.55586
10.52025
10.31912
10.48811
10.54776
10.60647
10.59647
10.69101
10.76844
10.84078
10.92161
10.76114
10.98051
10.98154
10.91328
10.6342
10.35374
10.21644
10.31144
10.43753
10.47417
10.45727
10.51404
10.49068
10.49114
10.44823
10.51038
10.58623
10.52933
10.50186
10.45618
10.3173
10.23196
10.38621
10.1213
9.959357
9.945472
9.918979
10.04767
9.960072
10.05463
10.38282
10.34409
10.44676
10.31433
10.42553
10.2802
10.14529
10.26889
10.03914
9.995242
9.98161
10.11927
10.08805
9.972521
10.12325
10.17948
10.27163
10.48651
10.57205
10.36045
10.36276
10.22855
10.18539
10.09262
9.976233
9.879719
9.848871
9.857436
9.777297
9.687206
9.824947
9.591275
9.589075
9.637016
9.862515
9.967608
9.732665
9.538981
9.558404
9.538752
9.295228
9.261387
9.475488
9.483953
9.489942
9.270924
9.083956
9.296115
9.480436
9.602017
9.563307
9.362312
9.242883
9.159776
9.049255
9.073119
9.059587
8.957409
8.872476
8.706877
8.583858
8.644045
8.580266
8.328843
8.395123
8.343299
8.288639
8.543053
8.401131
8.348754
8.317068
8.435004
8.408981
8.464922
8.441518
8.461975
8.668784
9.008279
8.910428
8.864563
8.985052
8.898736
8.752331
8.697088
8.714875
8.658946
8.568706
8.636759
8.687359
8.613987
8.493719
8.537446
8.558352
8.527436
8.486071
8.325239
8.112248
8.292464
8.432664
8.350547
8.466254
8.416898
8.369592
8.191915
8.256872
8.219905
8.259339
8.438831
8.513568
8.498394
8.717364
8.622236
8.573891
8.615873
8.418032
8.682208
8.612308
8.754197
9.069345
9.163228
9.013024
9.058601
9.195108
9.165709
9.401663
9.320814
9.544297
9.573139
9.686769
9.686417
9.457207
9.427018
9.279826
9.337405
9.439436
9.430006
9.350453
9.46339
9.532074
9.54191
9.642096
9.62972
9.918083
9.887142
9.780971
9.978456
10.14214
10.09784
10.11376
10.14614
10.01859
9.769292
10.02287
10.11763
10.20198
10.14157
10.16391
10.18332
10.24522
10.16449
10.09876
10.20567
10.08736
10.01273
10.2877
10.37771
10.21376
10.30695
10.32537
10.11975
9.840005
9.691533
9.658803
9.549787
9.401733
9.119508
8.938396
9.123401
9.285297
9.323889
9.242204
9.076183
9.184662
9.383814
9.410945
9.462944
9.738767
9.856494
9.730811
9.682548
9.701894
9.74182
9.811807
9.878578
9.879458
9.959921
9.93108
10.001
9.772443
9.665122
9.792839
9.699223
9.528908
9.57626
9.29488
9.138852
9.151541
9.369507
9.380266
9.475409
9.452575
9.215206
9.000238
8.878456
8.839597
8.641027
8.586749
8.410369
8.389273
8.413442
8.314824
8.279268
8.164951
8.034814
7.924217
7.887429
8.024019
7.981575
7.903061
7.95318
7.840108
7.819578
7.805097
7.651806
7.843607
7.694197
7.609285
7.702263
7.820082
7.741726
7.744298
7.574648
7.548416
7.723605
7.685351
7.745632
7.707449
7.908707
7.657706
7.62285
7.805413
7.511247
7.326009
7.351406
7.436311
7.50676
7.588183
7.283386
7.581303
7.286067
7.345499
7.17884
7.079912
7.26488
7.258469
7.271372
6.927328
7.054394
7.152729
7.152531
7.084172
7.272585
7.305381
7.248455
7.060549
6.868228
6.983583
6.695512
6.859531
7.034768
6.984698
7.072166
7.44207
7.427253
7.452006
7.46677
7.331812
7.405102
7.39226
7.40656
7.459816
7.254833
7.520391
7.475659
7.488278
7.548727
7.608804
7.465326
7.636082
7.675322
7.747512
7.550605
7.416223
7.431533
7.469296
7.311312
7.396938
7.220929
7.371034
7.444943
7.401842
7.276731
7.170078
7.442269
7.421202
7.403891
7.397335
7.284274
7.423429
7.481534
7.694698
7.661589
7.727887
7.623891
7.565278
7.774749
7.763838
7.87283
7.823723
7.864655
7.910827
7.862616
8.18675
8.470443
8.499819
8.137071
8.072996
8.268678
8.152071
8.148131
8.201843
8.517185
8.65315
8.903156
8.996426
9.091844
8.965048
9.115581
9.153826
8.969588
8.918299
8.693787
8.664975
8.687896
8.861311
8.959451
8.887909
8.99687
9.105775
9.110151
8.938238
8.940434
8.923985
9.049956
8.799393
8.891193
8.781613
8.888143
8.97234
9.13261
9.183239
8.882534
8.95805
9.15791
9.259809
9.36343
9.203116
9.274694
9.290442
9.650322
9.620056
9.737641
9.788933
9.905961
10.13768
9.903399
10.00246
10.05938
10.16219
10.46311
10.57483
10.5155
10.38967
10.56456
10.48595
10.4514
10.42095
10.35909
10.40773
10.2007
10.1913
10.18757
9.934051
9.736118
9.755328
9.678172
9.817096
9.662843
9.65169
9.240398
8.971255
9.031121
9.137117
9.36135
9.448999
9.324318
9.276556
9.536393
9.522642
9.395721
9.533404
9.649723
9.772832
9.834186
9.682594
9.917836
9.813964
10.03051
9.964219
10.12577
9.933596
9.753487
9.537096
9.539878
9.558126
9.480933
9.602214
9.482907
9.423829
9.503259
9.539292
9.530997
9.382892
9.264205
9.30103
9.122104
9.086168
9.043472
9.04078
8.96887
8.953561
8.861734
8.554152
8.830809
8.887327
9.060536
8.982305
8.999506
9.064559
9.131483
9.070594
8.996659
9.099931
9.001213
8.732578
8.700712
8.549794
8.565164
8.546418
8.428837
8.552982
8.691672
8.764269
8.954347
8.942184
8.870093
8.862407
8.82068
8.743194
8.96999
8.766611
8.654887
8.55711
8.607183
8.481028
8.634612
8.395727
8.355653
8.502886
8.365748
8.391903
8.592085
8.565545
8.739002
8.716196
8.585335
8.776286
9.033165
9.095703
9.054834
9.146748
9.314702
9.293734
9.29795
9.219572
9.061505
8.920798
8.813804
8.909363
9.247032
9.173111
9.166859
9.148041
9.108715
9.048222
8.853501
8.700392
8.581549
8.48683
8.631894
8.810322
8.750724
