3.265886
4.066069
2.654942
7.911773
4.271055
3.246851
1.669084
3.324338
2.291945
5.102294
3.077329
4.424048
8.909401
3.190126
2.414091
2.96068
6.070704
4.221631
2.447676
4.361668
3.617852
3.009846
2.089744
3.810293
6.163735
5.308383
6.515856
5.980358
4.900518
2.829011
2.655691
1.527772
2.392227
2.166904
3.867675
3.009451
1.516413
1.538457
1.933851
1.680241
1.354429
0.6842751
1.000968
1.215569
1.033808
0.8481913
0.780977
1.375514
1.934079
1.094552
1.412537
1.643305
4.034907
1.007635
2.410646
2.381659
1.161426
2.47919
1.930543
3.172205
1.797475
1.302024
2.440466
4.611746
3.486045
2.49605
1.631853
2.441432
2.47786
0.8480752
2.062423
1.751427
0.9461064
5.524304
3.151373
3.587392
2.528183
1.648625
1.65919
1.029507
2.584819
3.386543
2.692383
1.708203
1.671585
1.631184
2.729173
3.234728
4.100363
3.602493
2.099803
2.992033
3.307998
1.217256
3.050414
3.327994
3.056653
3.568251
2.963345
2.295972
2.2566
1.86948
1.47056
1.154954
4.456808
1.421347
1.277924
2.044025
1.255999
2.953802
2.373471
1.545361
0.820427
1.365641
0.7153038
1.486976
0.670771
0.5049924
1.913099
1.091717
0.886066
1.272422
0.6876651
0.9387184
2.226999
1.83668
1.774306
1.583308
3.393343
2.347203
1.124333
0.8728224
0.9614215
0.8273894
1.942596
1.194973
0.8335186
0.5795315
0.7053375
0.7270769
1.342398
0.901046
1.677368
0.7068908
1.842088
1.156325
1.241872
0.8595077
2.025536
1.231878
1.32912
1.392379
1.87917
0.7081145
0.7538044
0.8089338
0.7361873
1.036488
0.7392835
1.43137
0.6728989
2.399367
0.5953643
1.271875
1.111313
1.337976
1.053018
1.224411
1.62737
0.9268008
0.8512724
0.4676967
0.9490187
0.6136417
1.140869
1.029866
1.333119
0.871545
2.067197
0.8427152
1.449191
1.746449
1.179962
0.6259617
0.5391076
1.370296
0.7414893
0.5965602
0.6887172
0.5184249
0.937777
0.4670492
1.023468
0.6551952
0.7501326
0.9687027
1.472574
0.6445835
0.7705044
1.366602
0.93754
1.681485
1.207729
1.033534
2.492099
1.355938
2.194554
1.957717
0.7690412
0.6954183
1.317347
1.144974
1.001119
0.867038
1.230773
0.6965577
1.181154
1.049014
1.576232
1.014372
1.202815
1.227347
1.837229
0.9577096
0.8143102
0.5913768
1.021915
0.811509
1.636272
0.5002726
0.9206111
1.110126
0.7424514
1.421681
1.369251
1.227917
1.444069
2.468958
1.922921
1.852044
1.88375
3.082211
3.287361
2.579742
1.993501
1.733608
2.945658
2.620373
4.637959
4.285838
2.643167
2.768591
2.076318
3.63942
1.502192
0.8935046
1.595007
1.320989
2.059968
1.834441
2.258904
3.310308
1.889942
1.376415
1.819513
1.606578
3.106118
1.356228
1.859307
1.278353
1.822633
3.11052
1.584597
2.774853
2.221253
2.04591
1.112837
1.871748
0.9788528
1.876996
0.8463309
3.158771
1.660796
1.509804
0.9802235
0.6662546
1.237896
0.9958131
0.7927945
1.896278
1.016887
0.8003605
1.009067
1.708452
0.9537052
0.9568824
0.75238
0.60666
0.4196503
0.5844038
0.535474
0.8116072
0.816108
0.647264
0.8535603
0.798219
1.272732
0.6704072
1.175336
0.6113521
1.109393
0.7886885
0.8278555
0.6259637
0.8354074
0.7461413
1.051413
1.039961
1.064107
2.293189
0.8553004
0.9745464
0.6416737
1.526655
1.087597
1.215522
1.369021
1.137217
2.063819
1.632091
0.9247564
1.25105
1.953237
2.182617
2.554363
0.9445961
0.9682786
2.710278
2.009078
1.596119
2.343389
1.548725
1.508035
0.9958382
2.929785
1.229543
1.430826
0.9295716
2.135989
1.055052
1.656317
1.457123
1.166904
0.9661102
2.11253
1.394785
1.778767
1.213794
1.506932
1.544148
1.294115
1.843326
2.391329
1.7016
1.305621
2.231849
2.128329
1.422327
1.8692
1.176603
1.390814
0.6197618
1.523068
1.994642
1.774778
1.293064
1.292328
1.764856
1.01114
2.593103
1.541538
1.973768
1.120023
1.673647
0.7799389
0.7218633
2.950306
0.9754749
3.442191
0.594071
1.524232
1.35295
1.134225
0.9108564
1.024109
1.35278
1.644089
1.356117
1.469981
1.317513
1.496429
1.221898
2.200015
1.290287
1.075094
2.78154
4.103352
1.582841
0.8585881
1.190153
1.010129
2.573585
1.11804
0.9703698
1.639663
5.130605
1.844954
1.431138
2.365839
1.408486
3.425536
4.178397
1.810188
4.101006
3.13354
2.53713
1.576686
2.362523
4.344099
2.610261
3.069498
1.738478
3.840108
1.638771
1.815515
1.999455
2.55001
2.597045
3.50102
2.936874
2.060519
1.875165
3.563957
4.161913
1.939749
3.495319
1.8053
1.701873
2.459256
2.165886
3.954198
2.160664
2.653968
2.79796
1.742639
1.138804
1.132529
2.201923
2.780749
1.159186
0.9956503
3.724178
3.60535
2.225384
1.565383
1.03231
0.8377506
1.469599
2.259632
2.874547
3.833851
2.680025
2.520023
1.416726
2.863413
2.019684
1.941345
2.664259
2.482345
1.732372
1.126163
1.539077
1.28833
1.078379
0.94345
0.6865239
1.847614
2.212526
1.626082
0.5041883
0.746968
0.9557421
1.085414
0.8227776
0.9415665
0.7440803
1.437568
3.109987
0.9540442
1.428777
1.345715
0.9157176
1.047137
0.9190507
1.393005
1.887909
2.96616
3.41507
2.393366
3.143612
2.463053
1.101858
1.879043
2.038238
1.629631
1.858988
1.144684
1.749622
2.074403
0.8759809
1.745672
0.8785259
1.314132
1.290678
1.594854
1.703435
1.893515
1.217344
1.005393
1.500826
0.9769455
0.811121
1.444503
0.7470257
0.750628
0.9542201
0.7565352
1.582886
1.3429
1.344436
2.661518
1.643202
2.305085
1.748999
2.091945
1.357965
4.894134
1.538663
1.862357
0.9014313
1.655567
3.379519
1.276905
1.708943
1.253102
2.116823
1.976144
1.371645
1.702892
2.504736
3.608727
2.238738
1.913263
1.634449
1.939709
2.424441
2.202228
1.793085
2.074997
1.512281
1.579249
1.470845
1.684111
1.175646
1.632921
1.931013
1.506349
1.667675
1.108015
1.175258
0.9550198
2.953596
1.579283
1.498226
2.513574
2.373065
2.131917
1.945611
1.334339
1.974321
3.417456
1.740967
2.125866
3.280997
1.652633
2.580797
2.309274
2.641732
2.213534
1.29281
2.306104
1.345572
2.370005
2.00056
1.190707
1.147518
1.092053
1.316327
1.720792
1.469636
2.870631
1.876727
2.099385
1.467813
2.418299
1.891688
2.720155
3.057941
1.676429
1.844757
1.860239
1.695325
1.008529
3.21597
2.030414
3.476876
1.999304
1.69519
1.04626
2.984275
1.980615
2.041411
2.290382
5.759123
4.939707
2.428584
3.455272
3.066338
1.733859
2.591075
4.121614
1.318378
4.494809
2.408914
2.132522
3.422367
2.707261
3.466907
1.190366
1.780629
3.09879
1.228109
2.837735
2.424013
1.846755
1.819389
2.561351
3.420632
3.001671
1.349098
3.017043
1.467838
0.8909909
1.270106
1.619554
1.171335
0.9427751
3.094455
1.765878
1.24006
1.288574
1.423456
0.9349285
2.053757
1.308777
0.6567193
0.930863
2.08049
1.174223
1.15671
1.053538
1.281386
1.129033
0.4925031
1.193772
0.8667134
1.18572
1.40211
1.350894
0.9186861
1.673303
2.163126
1.175089
1.318172
1.567719
1.261363
2.264318
1.566547
1.542492
2.242199
1.656041
1.561148
2.651918
1.572435
1.519245
1.407621
0.6619204
2.145567
1.457275
1.291098
0.8775844
0.5690243
1.176793
1.43737
1.98154
1.384973
1.020916
1.206077
1.160506
0.6619054
1.338633
2.566313
0.7120535
0.875858
1.11719
1.123813
2.032592
0.9439626
2.118129
1.275958
0.9313088
1.623732
1.647131
1.853895
1.059904
2.724462
1.461556
1.254
2.451432
2.871773
1.397637
1.298992
1.693287
1.350619
1.127448
1.349554
0.9356327
1.638832
2.162333
2.33081
2.448464
1.258333
1.063393
1.428086
0.8652698
1.006417
0.7252361
0.8494882
1.401757
0.7025742
0.3864713
0.6758874
1.251735
1.219165
1.429833
1.807604
1.455881
2.218183
1.067665
1.539058
0.8331111
1.439515
1.314946
2.878801
4.21985
1.076753
0.9043114
0.9679853
0.8354981
0.9052252
1.169923
0.8860547
0.9420327
0.5406039
0.7541765
0.9815398
1.033405
1.087498
0.6311071
1.355266
0.7945418
1.41831
0.5957783
0.8501259
0.7217392
1.773396
1.553884
0.8203734
0.8457223
1.66223
0.5388047
1.045736
0.524643
1.000427
0.7213363
0.9973178
0.6345026
1.579546
0.8828654
1.038139
1.013419
1.363621
0.9909976
2.147825
1.387235
0.7737332
1.103578
1.788258
1.740908
4.536319
2.417506
1.931195
1.413614
2.27665
1.0825
1.543337
1.870203
1.779604
1.180359
1.524113
0.984298
1.326068
2.414291
1.541334
1.719233
2.374112
1.49046
1.030348
3.102174
0.8563876
2.006973
1.776537
1.160506
1.275202
1.600259
1.365816
2.838332
1.557022
1.838865
1.025914
2.229984
1.499733
1.897279
5.150013
1.653476
1.515533
1.651325
2.605652
2.063052
1.17475
1.369446
2.041191
1.714929
2.596636
2.086676
2.231168
2.444736
1.867281
1.904777
1.433753
2.126815
1.39755
2.325681
1.184432
1.928565
0.7049441
1.249297
1.013575
1.821071
3.78994
1.203754
1.177089
1.203374
1.127221
0.6135387
1.491988
0.9834923
0.8044933
0.925035
1.53128
1.265598
1.09591
1.051232
1.564284
1.180698
0.5711679
0.8830552
2.189407
1.82549
1.304673
0.8292388
0.9406799
1.035546
0.7603686
1.56988
0.9966394
1.364614
0.5476012
0.924254
1.484212
1.01922
0.6575955
1.24206
1.127019
1.521388
1.104498
1.701823
2.567524
2.645712
1.092454
0.9256739
1.688117
1.618268
1.264959
1.46872
1.702523
1.390768
0.7826143
1.580096
2.048628
1.643299
1.997674
1.974561
2.203547
1.259027
2.412078
2.67296
2.666805
2.536125
2.159658
3.260659
2.273621
3.174674
2.7056
5.035792
2.195483
2.256864
4.421707
1.7278
3.430783
1.631847
1.383473
1.277061
3.249906
1.83329
2.377623
1.760992
1.023339
1.700516
1.272872
1.219756
2.695393
1.382875
1.251763
0.8726113
1.282394
1.143779
1.753974
1.375603
2.063312
1.559548
1.358373
1.12397
1.128986
1.320673
1.355928
1.565091
2.079342
0.639112
1.865031
1.985841
1.942298
1.504256
2.629056
0.8023556
1.441174
1.312105
1.757117
0.8718918
1.452334
0.7043518
1.695471
0.6470134
1.351193
0.9432739
1.02632
0.5622868
0.5334216
1.094929
2.209782
1.145356
0.9692013
0.9670585
0.4957589
0.6355447
2.311153
1.239992
0.6444468
2.046169
1.860165
2.328625
2.227758
1.273102
3.224604
1.383358
1.585559
1.499165
1.593737
1.387505
1.99591
0.8321321
1.052686
1.534706
0.8398276
0.8205866
1.028594
1.645698
1.615268
2.552285
1.701091
0.9472712
0.9029756
1.265095
2.449494
1.304534
3.075065
2.401788
1.372905
1.248483
3.691804
1.786445
2.348463
2.104712
2.561282
1.670471
2.83003
2.430017
1.633615
1.603669
2.604897
2.861865
2.161212
4.135651
3.000446
2.094649
2.674717
0.9247373
2.069985
1.900423
3.038933
2.054645
3.468672
0.9869455
0.8064225
1.538815
1.370608
1.443873
1.121241
1.117685
2.113487
1.011722
1.40915
1.188086
1.255763
1.186296
1.825924
3.040581
1.323485
3.901227
1.572769
1.453504
0.957537
1.60551
1.270995
3.012586
2.419781
1.379945
1.017453
1.771679
0.8618605
1.623096
1.915581
2.420576
1.247773
1.57094
1.089779
1.127662
1.242882
1.97521
0.8484553
1.24582
1.449436
0.5651251
1.082697
1.43979
1.539414
1.511212
1.251406
0.9368867
1.851686
1.308688
1.409288
1.677285
2.157789
2.141715
1.636449
0.9439373
0.943098
1.195384
2.477702
2.016548
1.424947
1.50329
1.662883
1.80592
2.403977
3.325759
3.762848
1.752027
2.287836
4.993775
2.656837
8.783915
2.748133
2.657247
3.389034
2.891058
3.275172
1.378075
2.830667
4.111264
1.277161
2.484597
1.933248
2.201908
1.202219
1.522998
3.260687
2.296705
1.688021
2.335666
1.150777
4.88126
2.348557
3.497919
4.313412
3.039955
3.06853
3.499498
1.991339
3.687593
1.696838
2.087666
2.47101
1.385791
2.833182
3.158138
1.767354
3.385893
2.939972
2.054384
1.401833
1.426515
1.650842
1.873871
1.965546
2.569252
2.132428
3.62958
5.516814
3.040308
2.632649
2.553435
2.788219
3.496296
3.79247
2.557159
4.364951
2.812033
1.986473
2.707261
2.968478
4.037436
1.439355
1.844303
2.262426
1.346873
1.99809
1.159547
2.54808
