1.763037
1.599424
1.839093
1.77334
1.866496
1.891505
2.065877
1.94042
1.90173
1.835363
1.777923
1.878604
1.752841
1.865087
1.868225
1.927368
1.905042
1.807231
1.90651
1.811461
1.768372
1.858814
1.9904
1.775705
1.919897
1.798376
2.076419
1.893632
1.93
1.976499
1.9771
1.839556
1.8785
1.82615
1.889386
1.680449
1.819621
1.92497
1.885174
1.880977
1.829038
1.745483
1.931466
1.785213
1.834633
1.8002
1.960015
1.80085
1.751288
1.868477
1.852126
1.843757
1.754578
1.815391
1.874401
1.73656
1.744044
1.744719
2.008211
2.081203
1.985342
1.897307
1.805397
2.042989
1.876256
1.992673
1.760288
1.919372
1.833812
1.81552
1.614406
1.64765
1.627586
1.753041
1.895492
1.710966
1.655102
1.934933
1.851141
1.859811
1.688139
1.820213
1.868823
1.810435
1.753666
1.814591
1.867619
1.747446
1.465705
1.801443
1.796918
1.903318
1.892186
2.073108
1.796368
1.978103
1.99611
1.831289
1.803431
1.924019
1.969933
2.025048
1.939484
1.939862
1.824508
1.692174
1.928817
1.689815
1.786029
1.829283
1.666662
1.909386
1.737698
1.724694
2.157446
2.109595
1.847753
1.92429
1.84334
1.858444
1.563019
1.879983
1.712052
1.71807
1.598079
1.730979
1.943899
1.736184
1.956935
1.975688
2.031182
1.780141
1.763339
1.836569
2.113083
2.051895
1.831451
2.058112
1.915757
2.013038
1.891654
1.973579
1.880658
2.117614
1.970328
1.997365
2.008111
1.726913
1.787073
1.875634
1.740445
1.918386
2.053882
2.11451
1.925475
1.948532
1.718543
1.870944
1.887679
1.861701
1.930703
1.880119
2.029056
1.824846
1.846323
2.113798
1.911761
2.007989
1.581828
1.814159
1.660631
1.798853
1.870263
1.843259
1.887581
2.186312
2.05173
2.125886
1.85064
1.999638
1.904403
1.68658
1.926129
1.798971
1.917617
2.021302
2.014702
1.743215
1.885116
1.906663
1.872993
1.9537
1.696423
1.689284
1.838841
1.927511
1.794058
1.835111
1.949943
1.985608
1.745675
1.766207
2.017253
1.7683
1.943652
2.021058
1.890829
1.920355
1.901725
2.053312
1.967751
1.868288
1.837314
1.915721
1.685747
1.698252
1.938096
1.848922
1.934217
1.7273
1.800151
1.920175
1.902486
1.911119
1.797462
1.717688
2.081191
1.745698
1.934894
1.795135
1.79595
1.828077
1.700481
1.761435
1.67634
1.735375
1.942472
1.996628
1.914651
1.956723
1.97346
1.760386
1.70257
1.877024
1.759474
1.72422
1.867451
1.816966
1.881479
1.753549
1.769295
1.785267
2.002321
1.8517
1.941994
1.784587
2.067631
1.771234
1.813204
1.810356
1.791315
1.875719
1.958634
1.877669
1.732548
1.786586
1.841911
1.751736
1.806803
1.662194
1.90442
1.6658
1.792231
1.907112
1.633144
1.770664
1.807672
1.679674
1.668821
1.831894
1.73834
1.840839
1.900667
1.849894
1.841254
1.807261
1.60317
1.821622
1.760626
1.875104
1.95155
1.82711
1.836111
1.908212
1.895999
1.833977
1.911898
1.771468
1.969296
1.987447
1.607387
1.782148
1.713004
1.651635
1.890488
1.78411
1.93883
1.751921
1.857559
2.062101
2.000589
2.024384
1.680308
1.710335
1.722222
1.808385
1.655925
1.753989
1.531866
1.841238
1.746599
1.749465
1.772703
1.833513
1.773681
1.8757
1.875783
2.017834
1.876856
1.735923
1.900691
1.794332
1.810471
1.909876
1.764572
1.922136
1.803796
1.783462
1.783979
1.887084
1.72305
1.866129
1.90245
2.023986
1.66527
1.88141
1.742621
1.820142
1.789237
1.922588
1.792979
1.758762
1.889742
2.012705
1.773982
1.998079
1.847309
1.91562
1.831735
2.041673
1.883306
1.89429
1.911559
2.077696
1.667838
1.849185
2.003458
1.797595
1.701867
1.779343
1.87391
1.868935
1.858779
1.988027
1.686808
1.875973
1.898379
1.642856
1.818719
1.894973
1.829665
1.72123
1.8366
1.92178
2.16611
1.929113
1.921397
1.763271
1.854607
1.813068
1.957859
1.867685
2.029973
1.779361
1.807516
1.556179
1.796558
1.891248
1.930201
1.722233
2.127006
1.77068
1.793884
1.99315
1.915963
1.832781
1.904825
1.718369
2.036699
2.050003
1.78038
1.967489
2.037808
1.900055
2.059928
2.074285
1.845584
2.048389
1.902983
2.074046
1.870415
1.843413
1.925056
2.264578
2.071778
1.916235
2.089557
2.019024
1.934654
1.976813
2.203136
2.109969
2.123547
1.821281
2.052936
2.112313
2.028365
1.734687
1.778353
1.637428
1.808866
2.029366
1.922693
1.852536
1.806291
1.7931
1.810974
1.835189
1.799449
1.713238
1.720636
1.732469
1.834266
1.973618
2.047565
1.883011
1.972487
1.795476
1.854661
1.918684
1.924788
1.944979
1.967454
1.816852
1.975405
1.950085
1.99288
1.827548
1.950484
1.929334
1.943715
1.959709
1.951182
1.788406
1.842849
1.934163
1.900622
1.764423
1.624974
1.747509
1.960994
1.803687
1.717175
1.708235
1.893162
1.983664
2.101571
1.90749
1.986978
1.886632
1.689398
1.674874
2.025281
1.824035
2.048984
1.946298
2.170037
1.84606
1.68474
1.744166
1.753983
1.614012
1.759061
1.971828
1.840873
1.885132
1.851971
1.875164
1.724985
1.688
1.653351
1.729166
1.777944
1.745647
1.707249
1.789066
1.756743
1.879165
1.734916
1.982703
1.890269
1.80905
1.599596
1.722848
1.769491
1.742787
1.757377
2.014187
1.702888
1.813013
1.779406
1.867584
1.866227
1.741735
1.681776
1.868706
1.701739
1.891792
2.078354
2.078306
2.10512
1.983132
1.961341
1.920229
1.922499
1.786322
1.790937
1.982353
2.026924
1.938551
1.937163
1.771435
1.864097
1.872384
1.772429
1.841531
1.892885
1.802358
1.844482
1.873213
1.956035
1.725344
1.768726
1.771602
1.768134
1.791192
1.878383
1.83223
1.736341
1.881117
1.846032
1.850681
1.916132
1.998693
1.936694
1.916669
1.924406
1.955306
1.783133
1.782618
1.821846
1.862663
1.797006
1.738403
1.788372
1.699511
1.689367
1.70751
1.878874
1.888929
2.015588
1.892496
1.993793
1.856037
1.884578
1.773358
1.779342
1.705057
1.960772
1.988629
2.022667
1.958864
1.883419
1.794987
1.908438
1.865522
1.98882
1.883995
1.89769
1.867027
1.738437
2.041892
1.985388
1.802777
1.75161
1.897385
2.015137
1.971308
2.061914
2.129801
1.897178
1.96719
1.893229
1.821927
1.983708
2.012388
1.949324
1.87186
1.719729
1.594337
1.960005
1.656182
1.849068
1.721968
1.83529
1.836923
1.77071
1.950269
1.997844
1.748583
1.805085
1.836882
1.904324
1.937854
1.750176
1.866327
1.798387
1.844225
1.826692
1.877556
1.674964
1.858253
2.07956
2.014556
1.853768
1.906542
1.939254
1.996756
1.916668
1.810014
1.770926
1.749632
1.7993
1.811792
1.719841
1.7787
1.674596
1.801445
1.774961
1.948377
1.704598
1.896767
1.770419
2.066838
1.85087
1.812386
1.912987
1.794918
1.844124
1.66905
1.60684
1.580653
1.699441
1.916686
1.869929
1.985667
1.93615
1.881873
1.944396
1.866917
1.718723
1.890178
1.939239
1.918452
1.872367
1.997869
1.879124
1.962472
1.781396
1.798069
1.726623
1.835959
1.986188
1.911227
1.911761
2.014484
1.849777
1.744939
1.767868
1.988652
1.88626
1.99332
1.993793
1.841834
1.873452
2.034262
1.854294
1.948607
2.072531
1.95232
1.851624
1.969475
1.990036
1.943799
2.047848
1.940349
2.031544
1.711944
1.830049
1.78589
1.816182
1.854719
1.750411
1.873885
1.710445
1.681499
1.746179
1.849957
1.896249
1.86527
1.852834
1.856917
1.91751
2.029786
1.764191
1.89011
1.88195
1.879713
1.784345
1.939949
1.83511
1.770037
1.726174
1.721729
1.800208
1.882535
2.04326
1.898589
1.846567
1.926007
2.028888
1.981413
2.020294
1.798159
1.713023
1.792941
1.688073
1.771496
1.812037
1.820065
1.935576
1.890989
1.914331
1.841378
2.00801
1.869758
1.858711
1.920373
2.037512
1.791387
1.848312
1.732846
1.769174
1.779795
1.704395
1.733719
1.769808
1.669127
1.832604
1.937487
1.898517
1.769951
1.827716
1.87741
1.883836
1.756972
1.876872
1.802883
1.823741
1.996591
1.951846
1.951261
2.117364
1.940903
1.94119
1.923421
1.857477
1.788308
1.985641
1.816884
1.91784
1.940678
1.94866
1.844702
1.820853
1.892556
1.669642
1.910435
1.862855
1.776061
1.851394
1.956645
2.010514
1.969357
1.927881
1.730803
1.806413
1.782877
1.733051
1.981388
1.641779
1.90441
1.858667
1.939548
1.691522
1.65461
1.785442
2.031563
1.828445
1.816993
1.929673
1.88791
1.820726
1.788458
1.932496
1.989496
1.921697
1.931417
1.971396
1.861319
1.883921
1.952663
2.039846
1.884076
1.800242
1.860769
1.816113
1.873876
1.934909
1.943018
2.041165
1.997554
1.901223
1.829863
1.734635
1.976636
1.803488
1.741834
1.895941
1.864752
1.834119
2.021475
1.882121
1.896634
1.671753
1.703158
1.736336
1.729576
1.709639
1.874899
1.73111
1.819741
1.899359
1.824205
1.98355
1.811432
1.935143
1.619763
1.659546
1.905384
1.93062
1.813447
1.851419
1.933334
1.864148
1.768143
1.848522
1.89744
1.804152
1.907073
2.102476
1.961604
1.862686
2.006658
1.909191
1.756975
1.793098
1.867544
1.848876
1.665337
1.895473
1.875176
1.933666
2.050258
1.896016
1.979945
1.830587
2.005485
1.997979
1.918616
1.868136
1.701906
2.022925
1.974437
1.697464
1.813898
1.846074
1.857439
1.933046
1.919423
1.972975
1.731502
1.731726
1.724243
1.721355
1.810439
1.842027
1.906723
1.834007
1.965013
1.924824
2.070549
1.918623
1.953443
1.876093
1.701276
1.856486
1.912379
1.666352
1.77835
1.926547
1.888906
1.932073
1.754246
1.769072
1.826624
1.949649
1.735175
1.932375
1.797512
1.78135
2.002907
1.960801
1.930751
1.787253
1.853513
1.75624
1.599579
1.8033
1.782497
1.82033
2.014835
1.784681
1.863429
1.682971
1.791804
1.794551
1.874173
1.749086
1.81096
1.799038
1.631265
1.847518
1.710226
1.957327
1.68191
1.687818
1.772556
1.74306
1.827172
1.765543
2.006993
2.026617
1.800465
1.90241
1.797802
1.974363
1.80674
1.956858
1.970175
1.94575
2.044042
1.975308
1.889899
2.069957
1.819466
1.817826
1.903423
1.854257
1.950597
1.881209
1.653552
2.006231
1.954658
1.90463
2.013517
1.930698
1.74027
1.703148
1.900985
1.796566
1.636095
1.7967
1.681413
1.892113
1.82165
1.726444
1.91088
1.836522
1.716577
1.794816
1.7834
1.793953
1.893725
2.119146
1.621994
1.838661
1.952431
1.915135
1.705173
1.941564
1.989101
1.752547
1.764584
1.807054
1.945369
1.838124
1.962873
1.842564
1.943948
1.792504
1.826321
1.748677
1.763165
1.807452
1.813937
2.042388
1.940838
2.073448
1.87332
1.922567
1.801078
1.814017
1.858464
1.768499
1.817206
1.710965
1.801115
1.954678
1.878383
2.050077
1.893478
1.903175
1.910804
1.743166
1.732641
1.695736
1.519811
1.713418
1.691448
1.728274
1.554246
1.695527
1.813204
1.781797
1.881513
1.922946
1.883413
1.808823
1.82175
1.791037
1.853067
1.95744
1.793358
1.739205
1.866984
1.90143
2.006494
1.868589
2.13049
1.985368
1.788562
1.887242
2.11321
1.852496
1.773952
1.658698
1.798423
1.843756
1.822235
1.650507
1.72956
1.976562
1.965131
1.841879
1.794975
1.740696
1.765905
1.713653
1.779069
1.745472
1.694672
1.832116
1.743613
1.755434
1.841712
2.055415
1.849887
1.838759
1.914463
1.958616
1.990805
2.231914
2.040129
1.854026
1.991999
1.936378
1.958259
1.975282
1.855605
1.661625
1.866588
1.840522
1.716939
1.877295
1.754577
1.840994
1.998665
1.850592
1.867066
1.709283
1.923149
1.794499
2.006155
1.981348
1.979958
1.923274
2.063483
2.141293
2.001827
2.104661
1.976764
2.059687
1.929841
1.986295
2.103955
1.979409
2.169345
1.984593
1.897924
1.754816
2.156837
1.925227
1.945799
2.134167
2.016956
1.97505
1.903219
2.006314
1.77037
2.128248
1.957555
2.07129
1.962715
1.924355
1.951433
1.732391
1.862294
1.789414
1.856819
1.753908
1.651032
1.768299
1.757202
1.71683
1.754031
1.786817
1.872536
1.741425
1.864924
