9.584757
9.583534
9.626634
9.59803
9.648523
9.565763
9.570106
9.583064
9.567081
9.50899
9.582007
9.525272
9.606572
9.586574
9.47998
9.588354
9.590542
9.584646
9.529485
9.567338
9.515987
9.488152
9.535804
9.544621
9.557164
9.572013
9.569871
9.57148
9.505976
9.503803
9.487998
9.483095
9.509788
9.587479
9.494774
9.526814
9.578444
9.538758
9.632066
9.541214
9.567237
9.625964
9.486906
9.522849
9.491969
9.574853
9.562128
9.592549
9.588626
9.537258
9.551556
9.481475
9.580061
9.490952
9.498471
9.468487
9.542577
9.558172
9.552507
9.613868
9.497663
9.592398
9.595305
9.498687
9.589395
9.58135
9.563215
9.555868
9.605101
9.596768
9.545845
9.649506
9.538063
9.521401
9.551947
9.518353
9.548096
9.582343
9.585257
9.576146
9.535366
9.523603
9.581145
9.561281
9.553162
9.57678
9.515774
9.562789
9.494953
9.460929
9.626927
9.575903
9.591677
9.572794
9.483462
9.598603
9.528802
9.59153
9.61833
9.531771
9.541033
9.583132
9.596133
9.552853
9.538764
9.537671
9.532086
9.49195
9.531444
9.544578
9.524093
9.599756
9.561476
9.54329
9.545061
9.613193
9.516973
9.537202
9.58173
9.542379
9.577808
9.535477
9.49122
9.568325
9.574598
9.590976
9.497749
9.577657
9.566397
9.511241
9.537416
9.575467
9.520405
9.564667
9.551469
9.594855
9.552262
9.57029
9.53738
9.560082
9.591396
9.570679
9.52484
9.587088
9.508099
9.596952
9.554877
9.587829
9.522592
9.478714
9.538589
9.535052
9.590495
9.504926
9.548585
9.463505
9.57382
9.551439
9.569776
9.596224
9.534828
9.502878
9.549763
9.562828
9.585035
9.605046
9.567274
9.579826
9.552113
9.565657
9.562624
9.501295
9.557516
9.462181
9.561185
9.552637
9.573366
9.504836
9.558405
9.580647
9.576366
9.540743
9.591743
9.582244
9.529404
9.54908
9.579957
9.534242
9.607358
9.602916
9.645703
9.56289
9.55679
9.537501
9.50648
9.5673
9.497264
9.620743
9.637576
9.44602
9.582913
9.569967
9.551375
9.568186
9.544144
9.495201
9.548
9.543413
9.598577
9.490206
9.515821
9.600854
9.545753
9.564702
9.585931
9.499949
9.485773
9.541698
9.508878
9.566913
9.565827
9.517298
9.543051
9.558343
9.454559
9.566602
9.5441
9.506659
9.521209
9.532879
9.523039
9.58799
9.545758
9.604223
9.51339
9.52328
9.540951
9.557584
9.506884
9.569837
9.515476
9.505611
9.580555
9.505364
9.566841
9.62102
9.492434
9.556945
9.600565
9.554055
9.613895
9.543124
9.551643
9.559057
9.542617
9.51213
9.513029
9.556375
9.620185
9.588991
9.503777
9.553527
9.562796
9.591318
9.59826
9.511362
9.545626
9.512856
9.501472
9.500993
9.55882
9.533701
9.538582
9.523348
9.491021
9.506153
9.535375
9.580251
9.581828
9.558578
9.554756
9.550756
9.529746
9.565847
9.550283
9.555
9.526323
9.603174
9.476832
9.524298
9.492721
9.582867
9.544035
9.501972
9.610701
9.507323
9.600666
9.573273
9.552035
9.551207
9.56038
9.515313
9.52541
9.563716
9.491078
9.568963
9.567225
9.527555
9.481983
9.500119
9.486763
9.473439
9.499989
9.599995
9.526328
9.564065
9.567321
9.510279
9.5899
9.566194
9.541344
9.52349
9.569808
9.537182
9.564124
9.530278
9.515724
9.504292
9.549886
9.554173
9.557085
9.50689
9.494964
9.570037
9.544686
9.649547
9.60689
9.542679
9.479314
9.650595
9.566709
9.566419
9.509115
9.538038
9.623309
9.531938
9.524183
9.577749
9.601125
9.58157
9.594143
9.565879
9.555931
9.569744
9.598607
9.611013
9.494277
9.538382
9.528152
9.556065
9.521202
9.608678
9.54903
9.572547
9.478078
9.550056
9.595028
9.596637
9.535943
9.518917
9.548107
9.577187
9.50848
9.599806
9.548262
9.520621
9.543679
9.589592
9.543843
9.552363
9.574858
9.597829
9.622452
9.530621
9.596842
9.521944
9.589263
9.613783
9.569102
9.590786
9.452021
9.566238
9.589854
9.510571
9.566731
9.572571
9.502996
9.577265
9.525372
9.540518
9.5479
9.561302
9.622239
9.585651
9.531158
9.533011
9.540274
9.531183
9.538596
9.565002
9.548079
9.539411
9.593456
9.507694
9.557125
9.565052
9.557166
9.543436
9.529924
9.569301
9.52611
9.506691
9.537397
9.544976
9.58317
9.602347
9.53969
9.532934
9.569695
9.537815
9.636472
9.524628
9.542134
9.558117
9.516594
9.48653
9.569293
9.568823
9.557902
9.584896
9.485421
9.532822
9.537442
9.493498
9.540248
9.580233
9.485166
9.611748
9.586207
9.549109
9.481076
9.642724
9.61043
9.587109
9.567387
9.573175
9.560967
9.550625
9.568029
9.612531
9.51176
9.607337
9.598169
9.555958
9.527984
9.564177
9.62277
9.548775
9.590384
9.566773
9.541574
9.589975
9.59643
9.524578
9.540857
9.513155
9.570846
9.607694
9.523961
9.53293
9.592203
9.568969
9.593101
9.55531
9.490336
9.525381
9.55893
9.546671
9.578541
9.55381
9.535269
9.500697
9.513322
9.541036
9.571097
9.566012
9.528316
9.584933
9.55322
9.564808
9.642003
9.600864
9.546972
9.508417
9.546162
9.564914
9.551916
9.577709
9.460312
9.57708
9.537313
9.573523
9.66884
9.571337
9.550996
9.534059
9.563421
9.51344
9.526154
9.612819
9.609616
9.558092
9.511716
9.535191
9.561801
9.508988
9.58136
9.544189
9.576313
9.501578
9.504616
9.550308
9.537068
9.533957
9.544826
9.600328
9.584767
9.519776
9.549766
9.594061
9.601093
9.547363
9.533876
9.558118
9.559632
9.504264
9.519964
9.526395
9.555
9.535623
9.574402
9.565727
9.563818
9.600392
9.60619
9.56221
9.452177
9.5696
9.588345
9.530121
9.610635
9.52972
9.521937
9.525441
9.634723
9.571138
9.512512
9.542074
9.545101
9.585097
9.553411
9.597668
9.592094
9.544424
9.55612
9.485602
9.545611
9.528241
9.529866
9.524017
9.601529
9.524715
9.55136
9.597973
9.51161
9.536854
9.594183
9.590052
9.594373
9.549413
9.598593
9.526877
9.55062
9.566582
9.493108
9.512399
9.526819
9.548614
9.612337
9.589638
9.575959
9.544702
9.603637
9.544016
9.471866
9.534009
9.559642
9.495774
9.475556
9.501916
9.592519
9.607604
9.530552
9.616167
9.626217
9.449079
9.527333
9.536764
9.548826
9.589805
9.546349
9.549701
9.491679
9.580815
9.59045
9.548818
9.659707
9.502047
9.561062
9.520813
9.599649
9.526246
9.561282
9.540413
9.486935
9.51983
9.513558
9.535688
9.499048
9.550624
9.595655
9.573909
9.527991
9.58183
9.540054
9.624911
9.592994
9.624935
9.579952
9.565804
9.475348
9.574324
9.506361
9.58884
9.540372
9.512347
9.550093
9.578105
9.617866
9.575103
9.619547
9.570638
9.529873
9.49071
9.574969
9.548164
9.475858
9.54697
9.489571
9.58964
9.543521
9.529739
9.531265
9.578412
9.54544
9.512212
9.509049
9.594672
9.549158
9.542523
9.654531
9.602247
9.540605
9.569904
9.572184
9.552871
9.502769
9.515307
9.533001
9.600971
9.598079
9.510027
9.537459
9.563735
9.477245
9.614327
9.513771
9.606447
9.504288
9.560226
9.587632
9.557
9.588887
9.54882
9.553944
9.51594
9.563004
9.525616
9.640364
9.573696
9.58366
9.541837
9.486516
9.541283
9.551149
9.50662
9.546327
9.543226
9.549189
9.538731
9.581556
9.572869
9.568872
9.558803
9.539915
9.635083
9.490318
9.587373
9.587602
9.546231
9.538926
9.615994
9.597212
9.481509
9.60927
9.512188
9.536202
9.517488
9.603736
9.591075
9.472667
9.588629
9.498293
9.536357
9.57528
9.544499
9.55036
9.513118
9.528516
9.542565
9.526862
9.549724
9.542991
9.545629
9.545339
9.524366
9.553536
9.572814
9.469405
9.573856
9.55791
9.537729
9.586048
9.56242
9.471373
9.545818
9.554282
9.57731
9.52073
9.538611
9.570424
9.510215
9.515931
9.573954
9.617705
9.585029
9.582956
9.542007
9.52507
9.543653
9.575918
9.533587
9.494966
9.527795
9.550922
9.582789
9.604225
9.608437
9.548534
9.569298
9.487513
9.58616
9.626429
9.498731
9.556406
9.64256
9.458979
9.568659
9.5842
9.495745
9.55109
9.582726
9.621003
9.557923
9.641868
9.547456
9.560244
9.575514
9.550778
9.531973
9.560964
9.53055
9.607534
9.556556
9.560895
9.507188
9.528585
9.548177
9.558986
9.549422
9.583989
9.498298
9.569321
9.553557
9.552707
9.583125
9.635581
9.553833
9.587519
9.654156
9.504041
9.541095
9.545741
9.513443
9.50599
9.575243
9.57178
9.524077
9.538831
9.545231
9.606939
9.588026
9.531487
9.520736
9.613422
9.535915
9.633229
9.465944
9.502663
9.628584
9.640457
9.544916
9.560124
9.637232
9.587638
9.536463
9.598495
9.522439
9.562954
9.533465
9.477
9.592746
9.506292
9.597578
9.541061
9.531202
9.6467
9.534035
9.484648
9.454789
9.547576
9.553553
9.575361
9.587965
9.643941
9.469503
9.597797
9.550454
9.548706
9.515537
9.578081
9.528455
9.587001
9.487002
9.571606
9.507941
9.588284
9.564238
9.558903
9.557362
9.581401
9.570435
9.517196
9.575628
9.619447
9.554029
9.563624
9.465757
9.497033
9.60322
9.583256
9.511037
9.496567
9.641825
9.583225
9.541361
9.464321
9.516155
9.468867
9.584882
9.614894
9.571401
9.601589
9.560573
9.564587
9.544599
9.568561
9.560194
9.577789
9.643965
9.4997
9.51039
9.561271
9.519884
9.546369
9.602497
9.511601
9.579275
9.529494
9.55562
9.595667
9.590518
9.518206
9.506505
9.561887
9.622788
9.594229
9.528502
9.526858
9.668861
9.57135
9.643601
9.539067
9.56959
9.534714
9.56974
9.452084
9.559118
9.541697
9.564846
9.563056
9.621024
9.61851
9.562154
9.5626
9.558317
9.552495
9.550614
9.54612
9.524387
9.623057
9.624077
9.483438
9.55349
9.585409
9.619214
9.591562
9.629407
9.457485
9.497321
9.574251
9.554315
9.530537
9.551334
9.542156
9.58926
9.558411
9.545433
9.570206
9.543982
9.493857
9.520666
9.601478
9.532243
9.525546
9.557518
9.539536
9.579424
9.513521
9.605506
9.573575
9.574014
9.600333
9.551518
9.555236
9.543135
9.592445
9.5687
9.553164
9.53875
9.578281
9.536294
9.602816
9.488242
9.563019
9.5281
9.609044
9.585799
9.567907
9.611537
9.563261
9.581109
9.548368
9.52243
9.524119
9.52638
9.495342
9.587474
9.533012
9.569648
9.565485
9.543318
9.559459
9.602241
9.547248
9.566643
9.537868
9.593029
9.51623
9.591579
9.628009
9.509442
9.585032
9.57247
9.533944
9.500805
9.526063
9.500117
9.59585
9.6039
9.5362
9.549684
9.589149
9.616488
9.502979
9.577364
9.55354
9.533891
9.586379
9.482495
9.516627
9.568928
9.584654
9.593816
9.540267
9.477805
9.556316
9.577106
9.582711
9.498591
9.504612
9.589545
9.540814
9.541759
9.538044
9.52219
9.487914
9.533135
9.680352
9.499823
9.508811
9.449582
9.586713
9.628283
9.590756
9.556484
9.601673
9.525023
9.594251
9.579241
9.535871
9.576422
9.503898
9.57819
9.530821
9.550322
9.55296
9.570568
9.594796
9.537752
9.554955
9.537791
9.599708
9.579386
9.514017
9.543722
9.566289
9.585695
9.598362
9.582201
9.569415
9.603126
9.478792
9.632159
9.564235
9.52453
9.46814
9.523857
9.635817
9.508825
9.555412
9.534338
9.547299
9.629358
9.520127
9.527004
9.547646
9.568224
9.596471
9.648657
9.560099
9.58374
9.551119
9.598503
9.499908
9.581545
9.521857
9.561483
9.478884
9.545964
9.508457
9.581468
9.507801
9.579128
9.546614
9.596993
9.580105
9.573191
9.661484
9.545497
9.533313
9.547181
9.549003
9.586576
9.584388
9.580963
9.614444
9.579613
9.507536
9.541496
9.50931
9.522331
9.559618
9.53132
9.575836
9.567282
9.539215
9.592901
9.47765
9.480707
9.525938
9.513284
9.612625
9.527055
9.590424
9.579167
9.565062
9.491212
9.563621
9.510664
9.544535
9.548331
9.492782
9.490772
9.565793
9.473204
9.521707
9.520662
9.585637
9.63633
9.505052
9.607848
9.577088
9.532972
9.521939
9.611609
9.588093
9.516457
9.476315
9.558411
9.568923
9.621568
9.54392
9.599155
9.527833
9.49225
9.607324
9.563024
9.615421
9.561607
