1.749416
1.506772
1.801978
1.737671
2.133888
1.814157
1.965756
2.109078
1.855288
2.292661
1.861695
1.880597
2.088912
2.25295
2.041855
1.818261
1.895085
2.098785
2.143156
2.420064
1.965598
2.166657
1.904834
1.73505
1.707085
1.986821
1.979178
1.698827
1.901631
1.859119
1.663098
1.536751
1.565917
1.543518
1.795389
1.6708
1.74649
1.806048
1.645953
1.460437
1.774807
1.961265
2.032202
2.206004
2.420643
2.106608
2.056649
2.140879
2.1987
2.295844
2.09891
2.223644
1.641919
1.890535
1.729851
1.572628
1.466962
1.478729
1.987362
1.846687
2.074164
1.854724
1.581013
1.340851
1.54536
1.541922
1.619523
2.027289
2.941653
2.189134
1.649099
1.517718
1.230532
1.40068
1.858787
1.857636
2.082821
2.328161
2.084495
1.870754
2.242494
2.06138
1.883153
1.539067
1.933179
1.7726
1.765299
2.228783
1.622815
1.9409
1.953766
2.178766
2.11493
1.877032
1.886017
1.566849
1.489157
1.361186
1.64269
1.31317
1.617718
1.797921
1.679806
1.880265
1.789341
1.564068
1.473606
1.633428
1.529168
1.773805
2.072482
2.398307
1.775137
1.751588
2.099449
2.135367
1.892497
2.308654
2.304268
2.102258
1.904658
2.284349
2.063308
1.911311
1.841914
2.080703
2.115202
1.936256
1.810332
1.649805
1.952988
2.006634
2.010131
1.71652
1.674185
1.504496
1.645382
1.654287
1.577713
2.130591
2.147831
2.238145
1.961642
2.042805
1.840075
1.684487
2.011398
2.013736
1.858176
1.60027
2.133831
2.051596
2.017358
2.205972
1.983411
1.635709
1.724094
1.583703
2.037068
1.933951
2.026154
1.666606
2.184453
2.188706
1.803377
1.608924
1.459421
1.397485
1.490444
1.982879
1.786166
1.994086
2.018122
1.765109
1.840062
1.801964
2.070599
1.880197
1.534429
1.835105
1.685818
1.456372
1.320913
1.765021
1.705538
1.51352
1.740807
1.88461
1.586949
1.408585
1.344421
1.306778
1.389432
1.851761
1.772855
2.070056
2.068791
1.853079
2.178544
1.756532
1.534501
1.430618
1.409822
1.60174
1.932768
1.639942
1.611785
1.843864
1.457675
1.494119
1.865489
1.880773
1.620134
1.327274
1.669778
1.807005
1.797508
2.068696
2.153468
1.844142
1.817554
1.680266
2.009785
1.741856
1.797217
1.64222
1.789103
1.974369
2.378356
2.161655
2.479874
1.977305
2.053219
1.990468
1.755672
1.809693
2.093422
1.982269
2.075177
2.16166
2.084949
1.895498
1.576854
1.180029
1.436247
1.377641
1.420075
1.939781
1.720528
1.822783
1.677703
1.540873
1.22285
1.521673
1.802315
1.650621
2.342685
2.19913
1.904471
2.118046
2.323342
1.836185
2.087044
2.360194
1.846309
1.814845
1.756678
1.814605
1.555201
1.445644
1.484417
1.818644
1.984618
1.949468
1.744534
2.035487
2.162417
2.065194
2.479919
2.26641
1.935761
1.864494
1.927961
2.020208
1.858595
1.598337
1.20905
1.146365
1.030551
1.454022
1.669929
1.441608
1.789582
1.653419
1.675853
1.751239
1.912044
1.845607
1.581959
1.843208
1.654589
1.89878
2.215949
2.251493
1.919553
1.836409
1.560214
1.680733
1.601851
1.618296
1.762108
2.072375
1.687055
1.695368
1.873465
1.429445
1.340877
1.620013
1.986189
1.959663
2.092429
1.750785
1.607217
1.468707
1.826153
1.731458
2.047828
1.590579
1.657908
1.6501
1.58444
1.359295
1.237523
1.497966
1.398365
1.615518
1.76279
1.798696
1.892887
2.260633
2.081446
1.656822
2.165097
2.289012
2.061789
1.960423
2.050364
1.598613
1.800953
1.804206
1.978149
2.122983
1.9709
1.56181
1.887703
2.298907
1.85449
1.647081
1.577058
1.421381
1.415897
1.632139
1.760595
1.574564
1.628033
1.883786
1.778404
2.020133
1.773111
1.798625
2.068678
2.459205
2.327897
1.727733
1.476503
1.74328
1.886683
2.037178
2.266544
2.277258
2.22438
1.816194
2.096691
1.868473
1.840978
1.54009
1.592534
1.896851
1.943296
1.992069
2.043003
1.942266
1.66228
1.873761
2.12033
2.116697
1.915358
1.507259
1.445054
1.5085
1.661465
1.777969
1.49966
1.370006
1.639031
1.429871
1.375791
1.254964
1.602837
2.142295
1.521637
1.557479
1.619024
1.448423
1.758308
2.179168
2.110214
1.745879
1.791482
1.889
2.282304
1.930803
1.960766
1.773122
1.828935
1.642504
1.536287
1.73866
2.03444
2.222395
2.920008
2.344234
2.024774
1.927016
1.649064
1.688517
2.214525
1.820028
1.459999
1.729279
1.789741
1.985822
2.374646
2.065125
1.982471
2.083439
1.989136
1.891367
1.681688
1.733952
1.624835
1.645064
1.452578
1.809597
1.863367
2.039734
2.376187
2.258455
1.944691
1.732455
1.600671
1.654427
1.573074
2.011524
2.22706
2.124326
2.286784
2.06606
2.205852
2.141961
1.581443
1.513301
1.606537
1.287842
1.987588
2.0032
2.479434
1.75154
1.472237
1.821304
1.856516
1.792642
1.84241
1.920052
1.789646
1.402995
1.52211
1.893795
1.930796
2.075198
2.103651
1.694383
2.036232
2.087949
1.965167
1.723389
1.801025
1.589168
1.569009
1.500447
1.376857
1.553623
1.699534
1.674617
1.380895
1.896879
1.860829
1.941935
2.359358
1.83397
1.827112
1.805201
1.885344
1.960663
1.788777
1.586397
1.824433
1.83499
1.924478
1.832324
1.970631
1.485814
1.738734
1.93632
2.314397
2.19112
1.974125
1.989239
1.98297
1.809224
1.640659
1.835391
2.295325
2.522636
2.483934
2.2163
2.344485
1.911378
2.119605
1.663662
1.945885
2.013468
1.620859
1.528911
1.935436
1.753036
1.787812
1.87539
1.61355
1.642087
1.809069
1.827554
1.586002
1.461671
1.40653
1.505359
1.473739
1.589561
1.650822
1.692141
1.893172
1.7594
1.81449
1.94235
1.949837
1.787932
1.867002
1.919474
1.954918
1.800249
1.572094
1.444153
1.511916
1.366845
1.626069
1.789303
2.131314
2.136471
1.944782
1.67682
1.658636
1.458674
1.573845
1.541003
1.570286
1.394434
1.540681
1.730138
1.540983
1.517441
1.152223
1.5071
1.660522
1.658286
1.88077
2.029555
1.842307
2.237794
2.113625
2.200798
2.24209
1.814062
1.912831
1.609344
2.198785
1.899952
2.331664
1.951568
1.816005
1.754195
1.42634
1.624122
1.714725
1.757108
1.802414
1.465859
1.508896
2.060005
1.790743
1.751243
1.521716
1.576434
1.538202
1.486052
1.622795
1.76797
2.054882
1.808876
1.773684
1.939231
1.829061
1.482187
1.315714
1.352988
2.111266
2.274365
2.097427
1.812338
2.018428
2.149346
2.135259
1.899654
1.84083
1.982656
2.380122
2.336534
2.948585
2.329932
2.192042
1.852922
2.314452
2.047651
2.236878
1.855998
1.851741
1.782655
1.845895
2.188502
1.756679
1.821319
1.951815
1.985421
1.938013
1.897068
1.870615
2.505595
2.157449
2.16652
2.150943
1.693949
1.399909
1.504965
1.627103
1.741468
1.701966
1.544003
1.687337
1.749153
1.60624
1.857063
1.898578
1.605302
1.852451
1.858674
1.891562
1.429025
1.403057
1.592874
1.65221
1.54422
1.553176
1.946455
2.182131
2.209699
1.94169
2.059587
1.892243
1.968845
1.727526
1.639603
1.759012
1.749429
1.634743
1.672671
1.611591
1.556214
1.530767
1.407536
1.484463
1.588803
1.637286
1.495807
1.477677
1.71225
1.518492
1.498473
1.96559
2.206653
2.178483
2.508605
1.851199
1.729464
1.625962
1.617515
1.778961
1.697951
1.995191
2.241404
2.272816
2.023649
1.78547
1.712979
1.739941
1.846152
1.63255
1.702177
1.79777
2.102731
2.055919
2.342134
2.331414
1.95195
1.621717
1.917489
1.849161
1.796938
1.720326
1.804974
1.764861
1.818395
1.642117
1.941353
1.791463
2.619473
2.627143
2.518114
1.874591
1.90423
1.720429
1.749924
1.536317
1.434008
1.921907
2.581365
2.282874
2.421979
2.218393
2.308123
2.401273
2.012318
2.054062
2.320149
2.417357
2.126686
2.378792
2.020466
2.598825
2.022633
1.731038
1.613162
1.519107
1.442511
1.484167
1.575546
1.257809
1.101273
1.27734
1.373722
1.946412
2.117401
2.402372
1.756841
1.727312
1.980323
1.820314
1.490917
1.577295
1.913246
2.051894
1.941406
2.335088
2.308325
2.116721
1.663118
2.086424
1.89169
1.562596
1.69703
1.60656
1.872041
1.623195
1.703844
1.999721
1.978835
1.934813
2.034243
2.078709
2.077907
2.019697
1.446164
1.682545
1.314966
1.266434
1.235325
1.976077
1.893059
1.961616
1.817602
1.782087
1.691403
2.114826
1.921656
1.977819
1.598902
1.516777
1.665646
1.438715
1.450654
1.765032
1.71134
1.806183
1.841708
1.900795
1.836888
1.576694
1.537559
1.605032
1.582859
1.492705
1.55775
1.673292
1.642962
1.545912
1.776315
1.852148
1.657661
1.7429
1.910782
1.652314
1.395278
1.745953
1.572098
1.717164
1.90159
1.464092
1.502573
1.654294
1.388389
1.457095
1.45171
1.716327
1.855255
2.098944
1.665787
1.7942
1.821021
1.86869
1.696321
1.744997
1.545886
1.863872
1.572626
1.845206
1.548801
1.989224
2.064298
1.610916
1.54986
1.860524
1.617662
1.362802
1.2007
1.328133
1.532331
1.594454
1.627621
1.739276
1.908242
1.791549
1.782622
1.743276
2.107551
2.301649
2.219794
2.023127
1.879213
1.581551
1.597349
2.168788
1.777187
1.430832
1.434616
1.392367
1.548665
1.907497
1.95956
1.997851
1.667904
1.849722
1.763729
1.560997
2.17826
1.8705
1.576122
1.561988
1.878442
1.750285
1.728186
1.437831
1.374173
1.598451
1.688813
1.79685
1.578887
1.955593
1.762336
1.843441
1.719582
1.619125
1.533684
1.541998
1.542723
1.722877
1.571085
1.72224
2.093178
1.850043
1.588651
1.489888
1.453075
1.571449
1.894444
1.807877
1.649699
1.546248
1.575663
1.674599
1.841339
1.755744
1.695195
2.036089
1.532896
1.545225
1.714434
1.428447
1.953255
1.885998
2.171228
1.904899
1.774451
1.973366
2.046227
1.630661
2.02102
2.115499
2.23691
3.082525
3.133132
2.369539
2.131962
2.017051
1.817216
1.736657
1.612734
1.494504
1.593495
1.607953
1.701942
1.662838
1.737984
1.749865
1.529891
1.532577
1.913542
2.429524
2.077067
1.83911
1.564905
1.452345
1.89528
1.701233
1.99814
2.148919
1.917523
1.886162
1.694426
1.738353
1.59022
1.801246
1.62572
1.575489
1.553182
1.601012
1.487508
1.56498
1.531557
1.474503
1.527586
1.999213
2.342735
2.224883
1.839732
2.098355
2.373173
2.236005
2.34319
2.094823
2.034923
2.442382
1.884554
2.398973
1.557729
1.325296
1.430685
1.250055
1.674815
2.050152
2.051598
2.101447
2.252541
2.18601
1.842187
1.445247
1.088059
1.404177
2.075781
2.066394
2.277893
1.627019
1.67913
1.732633
1.859893
1.795929
1.609774
1.820941
1.896209
1.633905
1.624045
1.426232
1.758916
2.019671
1.876883
1.576789
1.575269
1.561084
1.62651
2.131223
1.93993
1.861734
1.689367
1.985992
1.925329
1.675237
1.831694
1.923224
1.900282
1.761633
1.831073
1.60135
1.766264
1.554161
1.764107
1.644172
1.422332
1.756744
1.794146
1.824901
2.06952
2.287133
2.374131
1.824923
1.8699
2.172794
1.872217
1.937409
1.911553
1.648006
1.782453
1.650217
1.758363
1.813585
1.864194
1.761426
1.695184
1.944811
1.789441
1.955194
1.670826
1.348931
1.896256
1.653654
1.809119
1.554774
1.617502
1.59597
2.054127
2.082692
1.695303
1.889092
1.547617
1.991176
1.851794
2.20323
1.614865
1.663211
1.249087
1.47923
1.781361
1.441813
1.351882
1.396811
1.828065
1.804803
1.72
1.847954
1.890366
1.849259
1.926038
1.977819
1.931374
2.017174
1.873775
1.841003
1.616912
1.851329
1.821524
2.326244
1.895162
1.933941
1.615124
2.221055
1.709117
1.830605
1.966729
2.22277
2.18577
2.100622
1.690784
1.758458
1.629982
1.829181
1.629495
1.599546
1.398876
1.502763
1.515681
1.644044
1.638692
1.299607
1.476702
1.543866
1.904891
2.25759
2.06206
1.567767
1.956971
2.087291
2.011873
2.037166
1.897686
1.832024
1.52507
1.837796
1.733464
1.545421
1.466771
1.70845
1.875472
1.744745
1.902304
1.852275
1.969041
1.945095
1.860517
1.832045
1.760282
1.456111
1.397631
1.823291
1.607212
