19.60065
10.09061
9.881062
6.589486
3.094092
12.06926
3.770756
9.533356
4.726967
10.35252
4.789623
5.813106
6.381535
6.829711
5.089665
5.721231
6.356096
9.167043
11.19199
6.67022
5.46643
4.856315
8.984162
7.465738
7.472365
5.143671
15.51457
7.661045
8.618309
5.627351
8.344874
8.053244
10.29633
8.066677
10.29581
5.233245
8.21173
10.60528
7.699187
8.281182
14.97276
5.80949
4.984007
8.764843
8.578569
5.265475
5.844625
5.335796
8.726911
9.404163
11.48663
6.964866
9.809667
8.640011
8.852694
5.367442
7.400842
8.20134
9.069662
8.646493
6.809575
16.53707
3.9566
8.998422
6.097966
7.72098
7.468182
6.786766
4.336664
8.553658
4.034664
6.0145
4.815271
8.181533
15.48335
8.650564
12.48816
7.824229
8.908128
6.475882
5.393487
5.437491
5.944492
6.54283
8.074302
7.674099
6.197095
8.831359
7.219036
13.99027
9.881666
7.046771
7.604071
10.82627
11.35643
8.779844
7.523659
6.747469
9.135151
6.673303
4.504842
4.558962
9.861272
7.941485
8.615636
9.219064
6.961072
8.684811
11.24921
12.63412
16.4954
15.80615
11.68107
7.141791
8.186211
6.807222
5.969485
5.766393
5.577696
5.393813
10.31736
6.576648
7.226306
8.745367
3.798229
11.00427
12.42037
7.437551
11.60612
4.548982
8.516296
8.658496
11.94909
4.520487
5.869394
13.3983
8.847872
5.882966
6.145168
4.217786
7.312148
9.756233
4.702745
4.519929
11.13033
10.90783
4.041117
4.378052
6.442838
9.219007
5.208946
9.588744
4.651284
5.291374
4.498916
5.055021
3.845757
7.074879
3.618437
12.88129
6.883992
10.49162
7.261085
7.598906
10.34334
4.529003
11.69873
8.133039
20.4685
3.327028
5.226287
5.841548
9.119533
6.071454
5.704129
4.968577
5.917047
4.917021
7.584341
6.824949
16.37393
10.70796
5.697877
6.837753
7.726709
14.09754
6.092295
7.725991
12.34852
11.42003
5.701265
5.39393
12.35368
8.94727
9.695472
6.108572
7.759539
8.882443
9.917649
5.495969
7.75091
9.199797
13.33757
3.905285
9.922773
6.075972
5.702593
10.19372
8.997799
7.242665
7.881352
3.813365
3.892016
6.541042
6.453706
8.218813
10.29971
5.479527
9.044496
5.238955
12.04639
7.537678
5.274638
5.970747
7.353715
6.69331
8.144216
4.835916
9.277215
8.376235
11.88147
7.278156
3.812195
12.06489
13.47218
7.425403
5.825013
8.616549
6.198934
4.588648
12.38212
20.55874
7.658126
4.336995
5.825332
4.985678
17.6295
6.236825
9.506173
4.883992
6.317491
4.610819
8.096944
3.682616
4.244356
8.924245
5.131614
3.591793
11.16091
16.1107
6.192717
10.00808
5.607461
7.321817
4.174464
6.808221
9.742783
6.806153
7.518681
7.737884
4.986094
6.787591
8.187168
7.859767
5.122488
4.802625
16.06867
6.19624
6.451426
7.03056
7.443229
9.592074
7.028063
6.669069
4.684318
7.016561
9.553719
6.491564
9.150169
6.128571
9.538181
8.785772
10.12042
4.656841
4.948565
5.177489
8.84673
7.409186
11.30749
5.815587
15.1839
5.537328
9.587088
7.835451
11.33758
14.04932
6.894797
7.708397
6.353364
5.387862
10.46702
14.262
10.5671
6.315342
4.762521
8.111597
8.400338
6.909489
9.956542
9.130529
4.388357
4.25
4.644315
8.440026
5.013363
7.595634
9.490967
10.64306
20.59025
6.716283
6.420601
5.166127
12.60813
10.77173
4.492687
6.444219
7.611238
7.561486
9.024495
13.97091
8.680597
6.800859
5.374775
4.317834
10.37969
8.054119
20.78327
12.9344
7.980341
8.609892
10.11153
5.431928
14.44475
7.48589
10.84561
7.327245
4.161088
5.297782
4.958603
10.1423
7.425821
9.660452
10.49127
15.72055
4.709055
4.935749
5.771785
6.549509
7.924595
6.57258
7.096667
10.65395
12.34642
10.01896
7.291076
5.412555
6.327238
8.100878
17.72271
9.638129
7.551389
8.354779
8.975146
6.337087
3.679512
7.081801
4.867348
10.68397
4.472046
12.44254
8.243618
7.422358
3.306568
11.88673
7.281576
6.299184
6.147499
5.727237
5.103741
5.283411
6.226844
8.668999
15.26549
5.500282
10.85656
7.574708
5.243293
9.895487
6.064799
9.168194
4.298375
10.63828
12.23538
4.494088
6.3845
14.10431
5.80511
16.32364
7.062186
5.98046
6.55958
6.049582
10.1953
4.969258
7.858133
13.26506
5.028239
5.265917
9.607772
6.209259
9.436112
5.069276
10.19388
9.202996
5.57095
11.11171
3.51288
4.288699
7.724073
8.255337
10.8283
5.519231
7.416392
9.617272
6.665915
8.75359
9.640586
5.641245
7.764577
7.831027
16.62822
6.973094
5.501344
5.422823
13.77767
10.54208
7.088927
10.13854
5.136993
12.85378
6.932966
6.794798
9.168123
6.691708
7.242107
4.507672
8.264567
4.301741
7.192473
13.45523
6.9401
6.279542
4.417871
7.085615
7.546235
8.763495
12.30028
7.554335
4.23113
7.399926
6.018363
8.906973
6.221255
5.391755
7.456181
10.98099
14.02821
6.91389
7.708353
11.93179
6.83604
15.80861
2.91718
7.905133
4.187858
9.127016
4.085923
8.136191
5.79803
10.1301
6.787533
5.740505
10.93225
7.27597
5.305475
4.641411
6.550253
8.272124
5.284229
11.13468
7.475109
12.9186
10.47618
17.1231
10.32793
5.023678
9.916141
10.1189
6.067837
3.205645
5.717738
5.270118
6.530569
6.879783
10.38962
11.09029
5.323221
7.004729
8.442139
7.481014
8.075333
7.115484
8.551223
8.952667
4.669869
4.623682
9.991759
11.53134
7.304363
8.688308
6.567231
5.438151
12.46958
7.512159
7.067514
7.112056
9.330157
5.021393
9.893235
9.974757
11.68228
8.349426
4.442828
9.029606
15.35992
7.649841
7.459974
7.319422
8.301145
3.305722
8.327434
6.181735
9.71908
7.919211
6.863206
9.540902
5.548205
8.764231
10.04064
14.28008
4.757827
12.35619
5.631229
17.79556
8.978414
10.56101
8.763086
4.867393
10.30808
5.165374
9.575091
4.478228
3.417462
5.182454
4.365689
14.9595
8.369201
3.125358
5.045209
16.24169
2.911325
10.35011
6.205385
9.205025
7.165292
5.246077
11.03747
7.821276
5.496985
6.182424
5.336719
8.077536
13.31891
6.425059
6.70803
9.420632
6.610881
5.763582
8.495293
9.978526
8.804249
8.665075
5.542562
7.502029
6.720336
9.65783
11.19503
8.206146
7.816101
6.221803
9.515385
3.585354
5.698868
8.192681
6.144009
10.20204
12.71082
11.91809
6.601113
4.383658
5.615061
10.81866
11.84578
6.367489
11.47099
5.083223
9.079419
14.62843
8.214838
5.15782
10.83646
6.637705
3.651879
27.05082
5.974812
5.522395
7.813409
7.616539
11.47978
3.642296
8.624144
8.349183
4.717678
6.974582
7.49516
7.792574
3.910442
10.81218
12.49153
10.96022
9.285001
4.413361
13.39079
6.672432
5.382727
11.10082
5.149264
7.469261
10.37643
22.04635
5.477267
6.388173
4.418829
9.010252
7.307543
15.54697
7.155371
6.869104
9.773264
5.436262
8.744422
7.088007
9.928205
5.705802
9.500977
12.29554
7.767735
4.606573
7.621111
5.826228
5.659344
9.827461
8.241752
7.002736
9.383138
3.872175
4.542604
10.84105
6.576771
9.162188
6.060451
20.25604
9.931333
7.498382
7.746641
5.932687
10.57321
7.824218
8.196439
6.493556
14.32782
5.369318
8.800613
4.997762
6.915899
6.822099
6.554172
13.19565
10.88032
7.877548
4.45457
5.392306
9.666103
13.46836
8.106729
7.049573
4.467408
11.15324
5.751257
4.808073
8.128259
7.984145
13.64782
8.926613
10.50749
6.876869
9.022493
6.44558
14.73536
5.411581
7.25372
4.854584
8.893737
11.47593
8.328522
5.220734
5.845336
6.864094
9.884681
6.560442
5.870882
12.29411
5.481489
10.1664
5.710321
6.215573
10.47489
9.718496
8.754615
5.213347
5.463385
7.902261
5.701019
6.027059
6.028728
7.996053
4.526361
10.17279
13.27479
5.769902
5.051148
7.067644
4.931199
9.326622
8.85287
5.625463
15.0947
7.745085
7.147355
6.91222
7.868012
6.848585
9.23825
5.798685
5.289895
7.701496
16.06662
14.59006
8.191857
5.470998
11.38254
7.687168
7.522677
6.777366
7.127295
10.95677
10.45575
6.543652
16.89469
7.480499
5.597963
11.02365
4.120205
9.540598
12.10984
7.163203
9.930715
5.034001
8.815618
5.796404
8.51029
6.497001
5.624431
6.531077
8.819208
5.751243
5.744807
7.974994
5.904463
9.744712
8.252548
20.3004
8.382131
6.591025
6.83532
6.659967
5.858753
7.503137
10.34687
6.42257
8.719796
11.83621
6.621769
8.755977
8.796242
6.732206
4.719447
11.9221
5.699953
10.34673
5.818181
6.55037
9.046057
6.610576
6.216114
15.62259
5.981044
9.301285
32.4156
4.534481
7.694959
6.474225
7.360465
6.276039
5.604189
5.078039
11.49348
5.728792
5.930138
5.355216
6.833728
11.55439
8.415654
5.297792
4.70504
13.42075
5.169578
10.61136
5.458691
9.195725
7.678397
8.05693
6.552733
12.35108
6.407144
7.95282
6.653295
7.468546
5.386859
6.261546
5.32032
8.602987
8.627031
4.851475
6.058367
5.375803
4.668849
5.455308
3.673257
19.86099
6.176168
2.99373
5.7248
6.361767
22.5987
11.11158
8.409976
4.785504
6.962009
8.162736
5.821635
8.033245
7.626459
6.198866
6.557254
5.344043
5.987035
6.391559
4.352876
4.353616
5.611113
7.890121
6.513144
4.988111
5.426048
6.852558
9.941618
6.258975
5.067113
5.593828
9.364229
4.888398
8.906281
9.955975
10.887
11.40248
12.27299
7.644181
7.242947
6.82051
5.178638
4.429193
9.085228
8.132032
8.617579
6.481288
4.783091
4.404106
8.291274
9.596809
5.142958
5.766889
12.01039
5.455738
3.53965
5.765879
12.53349
7.431203
9.333084
11.51076
5.643031
5.694524
10.69789
7.728511
5.451953
4.913525
5.6324
9.467559
18.94101
6.39261
9.128266
8.456205
3.044139
5.756063
12.37943
8.263411
5.122637
5.016096
7.374139
5.311679
12.11823
11.30442
5.037452
10.78829
5.398622
8.628529
23.57202
8.645512
5.133513
7.708316
9.238061
4.989113
6.009279
4.84965
10.57582
5.123247
4.958168
7.601479
7.780574
7.498719
5.399645
6.162577
10.64987
6.466938
7.345525
8.460678
5.658574
12.51843
5.989584
9.897179
5.74176
9.65906
4.6644
4.865767
9.390233
8.452818
4.333165
5.528601
13.82723
6.718806
4.531696
8.233853
4.661197
6.913219
9.117663
4.098453
6.262943
4.4161
9.663076
10.31689
6.103594
15.82999
6.483128
11.64961
11.91165
7.507944
6.161025
4.331584
5.846121
5.128035
5.511472
9.504312
9.847033
4.611736
12.87397
4.250773
9.514325
3.77511
9.329964
8.651654
5.509587
3.845933
5.530806
6.104152
13.7713
7.383675
5.046987
2.704936
4.25858
4.232393
8.705733
5.918671
3.456499
7.994349
4.635662
6.482912
3.712433
5.704648
6.852004
6.561169
4.148288
13.08064
4.790424
8.581191
8.680175
4.883475
8.977952
4.47044
11.34893
8.436297
8.781071
6.047538
6.57429
4.791943
6.369208
4.571161
7.348714
6.766712
4.03885
9.074828
5.128248
7.299479
7.039473
12.25007
6.649042
7.166374
13.55413
7.050944
6.766914
6.318995
8.978806
9.132487
7.689982
4.890344
5.723408
5.995606
8.644339
7.298289
11.70229
6.687376
9.133458
6.03905
7.06745
7.348275
9.748963
6.651845
4.789522
8.136088
5.903123
5.366127
7.549833
7.820629
5.937999
4.125967
8.054372
4.1836
6.988161
6.307733
6.812213
4.790958
5.007524
10.94074
5.058886
11.49857
8.212176
10.86714
9.473573
4.015994
4.657464
11.08617
5.207689
5.359031
6.25058
8.788669
11.18914
8.616354
7.521953
7.775749
6.425749
8.7467
11.66654
10.18419
4.966466
10.88528
7.610899
7.220111
4.765913
7.496853
6.570302
7.55166
12.43203
5.581573
12.66441
10.45237
2.633964
5.521545
9.492786
8.589558
8.599939
4.936122
8.477552
8.954852
4.25618
4.461394
5.68276
8.140475
6.528965
9.302436
9.486824
10.20509
12.72468
7.226559
10.86695
7.477421
5.752585
7.867825
5.569399
3.930849
7.683493
7.019425
4.940375
5.915089
12.7511
4.193729
6.63505
9.694164
13.466
8.084912
11.57016
4.368308
6.620186
7.459817
3.844477
6.360284
4.878074
7.424354
8.712009
6.282321
10.24504
7.27116
