1.683683
1.71245
1.795783
1.966816
1.942354
1.801659
1.873762
2.038403
1.900043
2.02309
1.991291
1.745899
1.795627
2.0411
2.075628
1.8909
1.919052
1.858156
1.900857
1.747157
1.905142
1.976
1.998973
1.946201
2.067048
1.888036
2.015652
1.800921
1.899163
1.97643
1.703921
1.950014
1.810631
1.67381
2.002585
1.931787
1.976147
1.92176
1.981244
1.809365
1.843117
2.087526
1.86338
1.902794
1.800072
1.738254
1.85385
1.822996
1.854557
1.951222
1.85855
1.822201
1.786126
1.814375
1.751446
1.815783
1.750893
1.746057
1.729453
1.739461
1.924867
1.972884
1.878463
1.87419
1.824229
1.819982
1.88147
1.802502
1.870315
1.765696
1.828273
1.80385
1.6585
1.854456
1.92035
1.71229
1.821148
1.682004
1.679122
1.857272
1.895744
2.066464
1.99449
1.791502
2.011277
1.858691
1.747757
1.921564
1.896601
1.700479
1.717658
1.832309
1.844121
1.807902
1.875458
1.960435
2.055195
1.915937
1.831308
1.886663
1.770968
1.925358
1.919529
1.831066
1.737572
1.806522
1.856766
1.860391
1.848371
1.855828
2.025099
1.943551
2.031391
2.081384
2.025942
1.763453
1.855103
1.747015
1.841035
1.785933
1.921424
1.716807
1.862407
1.834397
1.750977
2.205098
1.819099
1.787026
1.840109
1.832023
1.896313
1.625888
1.817647
1.896521
1.692516
1.725614
1.848779
1.928604
1.912333
1.844719
1.971136
1.911507
1.886577
2.198293
1.958283
1.786352
1.74261
1.853211
2.046521
2.04052
1.998212
1.944848
1.841658
1.829282
1.767228
1.827271
1.762247
2.030328
1.944862
1.812802
1.907104
1.833129
1.808469
1.875333
1.822119
1.690062
1.990827
1.82533
1.7329
1.789538
1.842869
2.013745
1.786337
1.860958
1.856998
1.966858
1.783682
1.712921
1.759058
1.763817
1.880292
1.926493
1.851716
1.723223
1.836695
1.803102
1.854136
1.824949
1.956219
1.862523
1.74424
2.051047
1.948383
2.058334
1.855547
1.812915
2.030185
2.095021
1.898012
2.00886
2.021957
1.883854
1.871562
1.897966
1.849322
1.893568
1.828515
1.867783
1.842549
1.855545
1.866738
1.942623
1.717239
1.700572
1.744932
1.766104
1.899547
1.948703
1.842058
1.977686
1.723203
1.726799
1.807709
1.80651
1.807949
2.005892
1.819278
2.0187
2.006566
1.844999
1.921471
1.848372
2.023998
1.861424
1.838593
1.854198
1.769784
1.721485
1.77818
1.814766
1.862024
2.096686
1.905309
1.953398
2.048353
1.903106
1.786111
1.871207
1.685703
1.735914
1.964771
1.867741
1.959674
1.819841
2.004815
1.904625
1.966889
1.892877
2.134283
1.902103
1.715314
1.753524
1.896735
1.707733
1.799756
1.869652
1.820829
1.98444
1.871472
1.933688
1.782759
2.022691
1.884938
1.900225
1.930582
1.869648
1.916223
2.01125
1.829899
1.94771
1.908632
1.950179
1.811822
1.94786
2.034959
1.927867
2.070965
1.939155
1.821638
1.804567
1.844489
1.936018
1.870859
2.010911
1.970215
1.936336
1.753528
1.949285
1.776829
1.707556
1.964259
2.01202
2.021478
1.937366
1.928894
1.803245
1.776137
1.806804
1.811528
1.897665
1.84803
1.899978
1.902992
1.828688
1.950114
1.851076
1.926424
2.005629
1.831734
1.885859
1.908263
1.953168
1.973934
1.817602
1.703673
1.944462
1.758383
1.799707
1.83711
1.776622
1.905901
1.934083
1.732619
1.766984
1.914442
1.913155
1.87637
1.763558
1.739793
1.725681
1.642682
1.759294
1.966594
1.943508
2.044736
2.023435
1.914203
1.796127
1.852251
1.723455
1.901801
1.930109
1.9164
1.963692
1.676195
1.825706
1.981282
1.860852
1.768656
1.810902
1.756866
1.821137
2.000513
1.939388
2.02041
1.920356
1.766501
1.983593
1.916983
1.854013
1.885454
1.900275
1.686152
1.967451
1.801416
1.926062
1.953634
1.899902
1.992422
2.008761
2.035434
1.888164
1.80415
1.876989
1.645824
1.812717
1.825778
2.024844
1.95159
1.76655
1.82855
1.765323
1.902479
1.89117
1.857727
2.05744
1.918649
1.889872
1.825598
1.717095
1.826251
2.010121
2.021232
2.125912
2.104017
1.868079
1.795105
1.663482
1.811746
2.172267
1.911095
1.981434
1.831381
1.958893
1.784013
1.788577
1.91133
1.866135
1.878708
1.753051
1.744964
1.85043
1.786476
1.793797
1.738115
1.926068
1.697001
1.884563
1.792424
2.032566
1.821847
1.908943
2.05452
1.942519
2.144036
1.854864
1.84681
1.844298
1.814525
1.741931
1.962908
1.872018
1.909677
1.984349
1.947286
1.887487
2.054175
1.761487
1.876435
1.82663
1.866749
1.525478
1.717195
1.796215
2.014462
1.996186
1.865662
1.904614
1.829543
1.85502
1.865435
1.800887
1.767649
1.851854
1.831079
1.966093
2.044007
1.968837
1.94666
1.910921
1.834896
1.942755
1.883917
1.87952
1.916282
2.046235
1.985203
1.74267
1.735068
1.876175
1.833558
1.862832
1.790619
1.870751
2.002637
1.894876
1.938111
1.883514
1.789113
1.919474
1.867148
1.750544
1.780644
1.68723
1.777705
1.940732
1.950476
1.927586
1.767829
1.64541
1.681994
1.746876
1.799579
1.855453
1.818435
1.887281
1.880955
1.761035
2.05928
2.004869
1.84263
1.916171
1.695134
1.827324
1.847993
1.762525
1.861248
1.945803
1.834283
2.140199
2.066309
2.13641
1.92299
1.81345
1.968099
1.835417
1.897042
1.813233
2.0556
2.025104
1.853965
2.110611
2.017149
2.018304
2.007461
2.069321
1.798078
2.11281
1.91431
2.058234
1.75405
1.841274
1.990292
1.980293
1.937324
2.144238
1.804799
1.949546
1.926591
1.827084
1.805929
1.948837
1.835041
1.936868
1.877913
1.764188
1.837144
2.013447
1.918754
1.812889
1.825142
1.982629
2.05315
1.856395
1.909097
1.970923
1.790926
1.700797
1.807762
2.064347
1.932253
1.875392
2.014634
2.009367
1.914173
1.884893
1.911464
1.922982
1.919264
1.909996
1.845599
1.896023
1.885884
1.818998
2.155285
1.905813
1.923035
1.948889
1.954846
2.040922
1.876459
1.982511
1.895815
1.730715
1.960044
1.975069
2.071699
1.848492
1.960129
1.794836
1.917163
1.771345
1.939286
1.821853
1.936005
1.978712
1.890786
1.907796
1.906378
1.878785
1.899412
1.839741
1.94421
1.766406
1.768878
2.01654
1.761637
1.728347
2.010369
2.053689
1.953966
1.833019
1.921971
1.931264
1.847693
1.88307
1.788217
1.751005
1.790478
1.866775
1.906857
2.07722
1.972418
1.770539
1.968031
1.893701
1.95997
1.992615
1.730251
1.882217
1.775153
1.86154
1.754092
1.931013
2.023385
1.954576
1.817537
1.972001
1.884238
1.905683
2.036879
1.829526
2.007772
1.996479
2.094224
2.017529
1.873985
1.866162
1.905943
1.700398
1.775034
1.909507
1.855175
1.923341
1.865659
1.82962
1.789149
1.831682
1.932487
1.988898
1.894266
1.945109
1.834295
1.888729
1.874887
1.758687
1.920197
2.014466
2.041115
2.081383
1.942542
1.747298
1.898631
1.908216
1.926404
1.963335
1.944088
1.840505
1.895474
1.83982
1.896637
1.893306
1.797706
1.826296
1.975328
2.000276
2.133418
1.918883
1.988324
1.954461
1.698593
1.808945
1.922613
2.146909
1.832425
1.895897
1.845965
1.783354
1.831094
1.743996
1.799337
1.896763
1.822674
1.80233
1.911861
1.942215
1.843007
1.872607
1.854737
2.001319
1.955237
1.88638
1.67754
1.933689
1.753865
2.04246
1.822646
1.972581
1.746896
1.868495
1.971131
2.139034
1.919578
1.951737
1.902732
1.816297
1.774502
2.010277
1.870332
1.866821
1.855345
1.87666
1.896012
1.896462
1.907816
1.961638
1.96346
1.944713
1.952752
1.785708
1.859233
1.850326
1.792345
1.999458
1.826854
1.846835
1.627674
1.871348
1.808042
1.841733
1.817211
1.673542
1.818872
1.875875
1.895444
1.7924
1.743595
1.855821
1.929743
1.814172
1.958009
1.84436
1.917302
2.043963
1.927796
2.133435
1.958571
1.86096
1.925069
1.890887
1.819891
1.875852
1.771212
1.747212
1.911383
1.906406
1.924352
1.719694
1.802173
1.851475
1.909871
1.756968
1.637982
1.712594
1.719331
1.83066
1.860646
1.915253
1.936158
2.011434
1.963265
1.924944
1.840838
1.916503
1.805685
1.81886
1.904946
1.988204
1.875797
2.076772
2.001638
1.911409
1.781777
1.915296
2.052022
1.712242
1.960188
1.941111
1.722847
1.76838
1.89867
1.735849
1.924582
1.803855
1.837213
1.740406
1.766926
1.806055
1.791442
2.082428
1.921291
1.962897
1.881005
1.955045
2.078486
1.747149
1.735704
1.79914
2.008864
1.864609
1.805394
1.858356
2.029575
1.807563
1.816158
1.92462
1.83492
1.999126
2.124207
2.002907
1.891342
1.877217
1.914998
1.779706
1.937112
1.928146
1.86233
1.823009
1.664411
1.968315
1.934703
1.849092
1.775456
1.783999
1.8935
1.859104
1.932356
1.760209
1.798512
1.987022
1.896849
1.805649
1.824405
1.982093
1.784527
1.86342
1.903583
2.046797
2.015773
2.042152
1.862657
1.8664
1.934225
1.829947
2.008218
2.133786
1.861955
1.699071
1.749765
1.894886
1.728299
1.913763
2.037878
1.943255
2.005258
1.90113
1.852811
1.74562
1.743865
1.876431
1.749255
1.911624
2.037158
2.038141
2.102144
2.013324
1.99925
1.70363
1.904421
1.750237
1.973241
1.853087
1.963025
1.862345
1.863965
1.718682
1.858069
1.996133
2.025651
1.967135
2.163882
1.966165
1.831544
1.830959
1.768767
1.828097
1.834221
1.841003
1.818642
1.947768
1.838852
1.979519
1.769973
1.677099
1.830267
1.828262
1.983118
1.861308
1.938873
1.948487
2.209196
1.93992
2.141602
2.020418
1.810717
1.825165
1.869163
2.07564
1.973135
1.984283
1.919236
1.983594
1.953864
1.984305
2.008873
1.758586
2.057257
1.854724
1.904657
1.889968
1.787457
2.041774
1.758116
1.96182
1.855714
1.76997
1.821759
1.838798
2.048784
1.931977
1.868589
1.833034
1.879013
1.957272
1.972312
1.945949
1.959228
1.766921
2.051666
2.130939
2.015248
1.823982
1.843739
1.897186
1.861744
1.726888
1.958542
1.869771
1.857394
1.787171
1.798166
2.169291
1.878534
1.905521
1.963289
1.822054
1.860099
1.930009
2.054262
2.062549
1.852807
1.879171
1.874506
1.862081
1.996107
1.725987
1.746257
1.887038
1.744951
1.771085
1.940423
1.932156
1.841535
1.870315
1.812358
1.696427
1.841158
2.051185
1.991904
2.090595
2.191213
1.830627
1.708403
1.867044
1.875592
1.828232
2.043902
1.792873
1.763998
1.901892
1.670744
1.644306
1.836285
1.839389
2.025362
1.760153
1.778365
1.826688
1.891236
1.907805
1.84018
1.84136
1.970795
1.833454
1.825001
1.68066
1.830605
1.906987
1.855662
1.783927
1.861231
1.835648
2.153283
2.063959
2.108994
1.837668
1.812557
1.825726
1.986693
1.966758
1.916695
1.861087
1.899567
1.941379
2.073714
2.039198
2.114325
2.05757
1.87719
1.867265
1.964196
1.992403
1.984688
1.903232
1.887579
1.8861
1.720362
1.841488
1.745587
1.778787
1.886432
1.698857
1.864533
1.76297
1.808592
1.77562
1.847906
1.936297
2.037664
1.924878
1.854311
1.828616
1.98275
1.839605
1.853827
1.811032
2.001386
1.848975
1.87598
1.884292
1.929457
1.831044
1.839431
1.889325
1.900412
1.964889
1.898261
1.935686
1.77862
1.78695
1.80909
1.768946
1.935653
1.922194
1.982012
2.080624
1.875782
1.954329
2.038542
1.789438
1.745719
1.746809
1.837448
1.979002
1.729582
1.781928
1.857733
1.857245
1.858063
1.812198
1.960728
1.758627
1.858979
2.023342
1.893474
1.940191
1.94205
1.778421
2.085022
1.983999
1.782374
1.868943
1.941046
1.804543
1.755433
1.834778
1.884218
1.811286
1.69878
1.919366
1.948469
1.860677
1.823426
1.897941
1.912622
1.960495
1.885133
1.980334
1.944494
1.974765
1.919709
2.058491
1.954236
1.969538
1.849289
1.824417
1.920108
1.7434
1.949009
1.965937
2.075475
1.855882
1.737537
1.779087
2.030177
1.876559
1.852059
1.876495
1.977193
1.81397
1.911572
1.79009
1.723721
1.795386
1.865671
1.819988
1.998862
2.143225
2.046572
2.070792
2.230034
1.982492
1.9337
1.851198
2.060007
1.814466
1.865532
1.667507
1.862629
1.769054
