1.642738
1.765311
1.900554
1.641316
1.628825
1.735188
1.828669
1.907674
1.952721
1.707242
1.609354
1.528514
1.54903
1.604573
1.598372
1.672939
1.644919
1.952146
1.820226
1.603654
1.514632
1.964344
1.704239
1.534455
1.588357
1.701155
1.671359
2.041988
1.969345
1.722561
1.508436
1.844908
1.726471
1.995774
2.006827
2.07333
1.57536
1.386898
1.311409
1.262015
1.445937
1.705739
1.902
1.791613
1.649733
1.555984
1.521772
1.363664
1.314511
1.526916
1.488358
1.542659
1.615329
1.59978
1.420569
1.433803
1.527628
1.609951
1.868172
1.566109
1.545472
1.856837
1.729947
1.802988
1.517955
1.496126
1.577214
1.378625
1.488607
1.482161
1.577619
1.862031
1.942105
1.56361
1.383245
1.603207
1.649252
1.550639
1.697484
1.596036
1.843023
1.679402
1.377556
1.693368
1.94409
1.882703
1.904076
1.617024
1.622297
1.412708
1.597279
1.741301
1.639813
1.656491
1.910173
1.949011
1.850054
1.78987
1.670613
1.648081
1.783289
1.522855
1.467182
1.556598
1.62155
1.731926
1.799071
1.891242
1.712946
1.722842
1.463798
1.585313
1.718652
1.80528
1.670212
1.782672
1.494573
1.49449
1.623166
1.449179
1.448969
1.810268
1.730362
1.536912
1.434865
1.338443
1.222827
1.366872
1.55621
1.928495
1.983091
1.987692
1.506166
1.261886
1.675015
1.745423
1.721745
2.033681
1.587976
1.579668
1.591847
1.626369
1.494632
1.547338
1.744422
2.119893
2.001339
2.06003
1.867217
2.147554
1.958049
2.107801
1.58608
1.563058
1.870437
1.929884
1.540123
1.351351
1.222612
1.364365
1.415202
1.288386
1.415649
1.545542
1.771217
1.98982
1.883127
1.71992
1.566082
1.630651
1.514848
1.674998
1.453576
1.897522
2.063621
1.863115
1.578164
1.753258
1.614191
1.440135
1.621826
1.390024
1.421001
1.42213
1.684529
1.705174
1.791392
1.709029
1.989851
1.932926
1.737897
1.856383
1.67194
1.508237
1.84215
1.791512
1.689671
1.511521
1.801429
1.516781
1.499416
1.54089
1.641948
1.687968
1.779862
1.781449
1.886668
1.721166
1.739644
1.611281
1.441017
1.331548
1.40425
1.902471
1.854973
1.859345
1.802635
1.76519
2.046655
1.950343
1.930858
1.63314
1.659702
1.411237
1.187207
1.401811
1.54028
1.542721
1.153402
1.528016
1.737116
1.740809
1.752411
1.628995
1.387149
1.523414
1.697515
1.663956
1.568204
1.661647
1.632384
1.4431
1.402497
1.613847
1.665929
1.774911
1.782265
1.730826
1.532686
1.702385
1.877089
2.099022
1.714285
1.720511
1.531351
1.467856
1.665469
1.649452
1.545617
1.304005
1.440029
1.567102
1.585693
1.347814
1.685432
1.645309
1.600065
1.614183
1.621684
1.617506
1.577892
1.498868
1.635337
2.30562
1.906574
1.586222
1.563188
1.404346
1.24425
1.512712
1.372472
1.773368
1.61977
1.752413
1.486606
1.876922
1.906445
1.931835
2.104578
2.04746
1.693747
1.748783
1.758131
1.821387
1.561651
1.672274
1.538815
1.564665
1.661034
1.951282
1.568403
1.515257
1.548519
1.637425
1.519538
1.65425
1.752202
1.52653
1.571048
1.582806
1.58076
1.605085
1.616072
1.892213
1.81168
1.969865
1.898964
2.011695
1.985497
2.044079
2.087425
1.938321
1.859611
1.82875
1.908247
1.850427
2.270035
1.969835
1.927609
1.830137
2.293782
2.028713
1.861859
1.61821
1.95238
1.69491
2.003423
1.982404
2.02509
1.999767
1.938896
1.758411
1.380227
1.439079
1.620437
1.572881
1.791193
1.725711
1.711176
1.862101
1.970084
1.918514
1.917328
1.756282
1.687488
1.80888
1.746145
1.836297
1.719598
1.63479
1.590734
1.919146
1.73292
1.656753
1.619081
1.655496
1.631571
1.732492
1.492598
1.543841
1.596483
1.574346
1.540361
1.461625
1.685353
1.844043
1.769917
1.760756
1.438379
1.630983
1.803988
1.676148
1.831372
1.88372
1.865135
1.819037
1.814
1.894772
2.07887
1.987208
2.009966
1.924333
1.676613
1.693536
1.679567
1.703896
1.755423
1.65395
1.690251
1.570772
1.681559
1.253387
1.370603
1.68057
1.732105
1.661916
1.49197
1.669861
1.53734
1.791871
1.558513
1.616422
1.800905
1.861985
1.90022
1.829244
1.808657
1.588938
2.163971
2.182585
2.116594
1.773231
1.564141
1.743764
1.545119
1.921766
1.781403
1.838612
1.715327
1.622481
1.759801
1.482959
1.585344
1.875545
2.059325
1.703521
1.668236
1.563744
1.534722
1.795187
1.725144
1.84537
2.004579
1.927193
1.805262
1.682209
1.717103
1.611864
1.31168
1.753398
1.634451
1.950654
1.970169
2.14876
1.845085
1.428132
1.511812
1.49369
1.674263
1.863934
1.678039
2.047751
2.114567
1.837892
1.927859
1.906088
1.956088
1.999504
1.890095
1.758254
1.842339
1.762877
1.75165
1.949195
1.868109
1.756976
1.599358
1.770949
1.588142
1.570723
1.662337
1.584427
1.708499
1.56617
1.659058
1.748942
1.874569
1.810331
1.83846
2.069843
1.765953
1.630365
1.249824
1.247293
1.406662
1.847621
1.572179
1.762929
1.67322
1.63656
1.731995
1.705937
1.618648
1.383722
1.568474
1.679615
1.725979
1.936083
1.611238
1.359649
1.577946
1.745592
1.715333
1.541659
1.629954
1.679051
1.57268
1.523481
1.808974
1.520452
1.601727
1.674084
1.713007
1.693318
1.753973
1.984163
1.816332
1.909665
2.029651
2.01583
1.70811
1.552694
1.545456
1.859416
1.876232
1.987424
2.160704
1.715287
1.747131
1.85709
1.887451
1.852108
1.769681
1.860273
1.602992
1.523494
1.569485
1.804331
1.854883
1.677451
1.73002
1.616157
1.717192
1.671151
1.573011
1.627735
1.614391
2.022813
1.928586
1.564996
1.570516
1.671053
1.705485
1.576786
1.881637
1.620798
1.926727
1.33532
1.281216
1.480273
1.469128
1.696084
1.80853
1.701522
1.619353
1.894707
1.810004
1.789628
1.74695
1.611104
1.878936
1.75968
1.671497
1.711783
1.49276
1.624438
1.831327
2.035479
1.57171
1.524656
1.492297
1.448578
1.533284
1.770641
1.854102
1.950921
1.659885
1.898841
1.845632
1.878659
2.055129
1.57436
1.574058
1.725119
1.772815
2.046368
1.921281
1.655267
1.455734
1.789882
1.80426
1.741926
1.804989
1.551638
1.39363
1.447597
1.440226
1.497696
1.63091
1.686208
1.790696
1.630235
1.720528
1.901356
1.575174
1.721753
1.516784
1.624774
1.711935
1.605529
1.915839
1.945128
2.25774
1.811428
1.86011
1.866939
1.489262
1.641055
1.954019
1.863683
1.886757
1.792588
1.618521
1.37382
1.431027
1.503593
1.383341
1.421441
1.83717
1.777129
1.712472
1.38745
1.620254
1.6662
1.872552
1.933332
1.850753
1.965603
2.368458
2.051917
1.822422
1.694184
1.664171
1.849723
1.811877
1.911806
2.015768
1.803618
1.604194
1.406701
1.533789
1.671719
1.803692
1.647131
1.717804
1.657348
1.412441
1.562851
1.61296
1.520961
1.634896
1.69432
1.719144
1.763741
1.854463
1.666142
1.80505
1.657372
1.790433
1.50633
1.677369
1.809613
1.600351
1.518306
1.581433
1.481638
1.535237
1.598984
1.888342
2.070195
2.191421
1.650258
1.749032
1.798334
1.563423
1.550284
1.579355
1.760583
1.476015
1.525705
1.385857
1.427335
1.642646
1.600943
1.565886
1.708086
2.032701
2.054847
1.712231
1.562549
1.698557
1.685101
1.513721
1.573758
1.729507
1.744963
1.638886
1.783167
1.470777
1.946316
1.975321
1.825835
2.043403
1.959953
1.974907
1.573108
1.36258
1.570523
1.826661
1.914282
1.736781
1.941246
1.959085
1.865772
1.582043
1.57936
1.624941
1.557517
1.774703
1.756172
1.588765
1.500148
1.452641
1.444977
1.673158
1.728752
1.764093
1.808786
1.722436
1.449385
1.434019
1.587229
1.650336
1.768526
1.747883
1.875233
1.934043
1.730218
1.875748
1.762837
1.64266
1.43351
1.448103
1.937209
1.654196
1.686589
1.450412
1.770644
1.884928
1.514026
1.752569
1.464663
1.547983
1.685521
1.700995
1.65706
1.438297
1.402107
1.371282
1.515149
1.793676
1.825739
1.700064
2.103935
1.829639
1.628846
2.019615
1.734472
2.105399
1.922247
2.190375
1.942322
2.124125
2.287835
2.162276
2.220286
1.921787
1.921886
1.646587
1.605616
1.58454
1.848872
1.693074
1.641957
1.804211
1.738287
1.621287
1.676095
1.847328
1.703641
1.75295
1.827062
1.613494
1.642685
1.423987
1.416673
1.396709
1.51983
1.702522
1.802312
1.614699
1.472937
1.574338
1.506966
1.485212
1.183919
1.522468
1.949433
1.846642
1.729974
1.757038
2.034582
1.797619
1.588394
1.733101
1.588099
1.561258
1.525672
1.56433
1.546086
1.58841
2.057916
1.677179
2.081817
1.879596
1.800277
2.130801
1.983801
1.714623
1.807848
1.674697
1.802591
1.883022
1.871173
1.803356
1.71886
1.733404
2.024123
1.721035
1.679763
1.785128
1.819561
1.654933
1.984802
1.879719
1.962906
1.541497
1.572701
1.590617
1.621964
1.593395
1.477926
1.494825
1.77252
1.645528
1.623164
1.41134
1.525828
1.459146
1.553282
1.637443
1.421923
1.589651
1.853509
1.804671
1.837483
1.752603
1.711837
1.639076
1.914266
1.932721
2.076445
1.935514
1.930213
2.126565
1.957808
1.831036
1.711204
2.184823
1.937282
1.779221
1.689092
1.64665
1.691215
1.625115
1.70717
1.574885
2.017315
1.577295
1.484559
1.455052
1.774761
2.156107
2.239672
1.973782
2.307877
2.066817
1.836266
1.636047
1.620915
1.56395
1.834075
1.793982
1.648495
1.680886
2.25907
2.133308
1.715433
1.820568
1.845637
1.709743
1.682492
1.660752
1.845855
1.637442
1.692982
1.394871
1.494495
1.605947
1.859082
1.804187
1.688095
1.835389
1.572371
1.529345
1.45238
1.532063
1.640163
1.73764
1.320714
1.454128
1.281516
1.265188
1.549305
1.751956
1.570918
1.50403
1.774699
1.834925
1.688458
1.430966
1.480229
1.889925
1.694587
1.563796
1.854995
2.007931
1.889986
1.907632
2.241832
1.602987
1.503956
1.579552
1.605499
1.720519
1.667875
1.716511
1.768495
1.821527
1.841185
2.133745
1.611869
1.529237
1.536061
1.729731
1.697565
1.629347
1.725032
1.669643
1.507076
1.687143
1.662346
1.825405
1.840729
1.6918
1.591695
1.56182
1.513755
1.72303
1.812149
2.040314
2.039487
2.011299
1.889157
1.931568
1.768151
1.374636
1.488842
1.740575
1.673752
1.952347
1.879665
1.757506
1.717966
1.800539
1.602434
1.629707
1.57149
1.764508
1.613882
1.638217
1.30695
1.315071
1.359032
1.572947
1.534814
1.762257
1.823058
1.645417
1.796848
1.564196
1.585036
1.471671
1.546843
1.377058
1.635862
1.557836
1.480791
1.485899
1.504141
1.523566
1.615998
1.815367
1.713171
2.155483
1.804052
1.642772
1.404967
1.541733
1.724451
1.838378
2.125876
1.758906
1.814904
1.612847
1.957741
1.860839
1.647079
1.936693
1.767313
1.727835
1.7109
1.646964
1.660541
1.659036
1.509934
1.619983
1.401076
1.761898
1.713263
1.947768
1.812733
1.965411
1.831997
1.93902
1.789086
1.767283
1.940789
1.55812
1.723483
1.484671
1.549907
1.865074
1.693214
1.865552
1.737027
1.648388
1.905021
1.905571
2.102338
1.655454
1.781064
1.872488
1.694348
1.73941
1.522806
1.516552
1.483094
1.715469
1.498925
1.693494
1.513323
1.876741
1.582991
1.741762
1.85513
1.806897
1.997542
1.935069
1.625036
1.53993
1.647548
1.629037
1.37266
1.433411
1.465368
1.727457
1.893994
1.797083
1.725417
1.478849
1.42487
1.63537
1.431484
1.53853
1.628107
1.641629
1.790224
1.638292
1.591164
1.932837
1.862512
1.820618
1.627703
1.518017
1.754367
2.141138
2.180306
2.192089
1.570659
1.279097
1.246815
1.265784
1.450023
1.648879
1.544489
1.414903
1.561779
1.372623
1.449469
1.714791
1.356097
1.596781
1.636708
1.650646
1.570185
1.563608
1.585637
1.614956
1.359233
1.442571
1.499537
1.540849
1.516096
1.403501
1.47777
1.667361
1.759758
1.46505
1.610134
1.566515
1.891162
1.974375
1.624158
1.793261
1.664644
1.932558
2.144888
2.280948
1.800874
1.775368
2.079093
1.748661
1.963362
1.583272
1.859449
2.109297
1.925518
1.762517
1.955509
