1.814832
1.666663
1.396635
1.135584
1.136223
1.342381
0.993726
1.033178
1.392372
1.24791
1.185409
1.37672
1.488129
1.449235
1.085401
1.131342
1.11224
1.106813
1.284297
1.217677
1.104877
0.9731151
0.9686667
1.145832
0.9557019
1.258971
1.282198
1.083141
0.9650669
0.8940651
0.9694105
0.8030672
0.789039
0.7535207
0.8241554
0.7441184
0.7343785
0.8305654
0.9467256
0.8716312
0.9344938
0.8588721
0.8999391
0.851474
1.00614
1.250514
1.472353
1.395909
1.169249
1.323409
1.093065
0.8530027
1.052581
1.001852
1.151707
1.237424
1.251575
1.401546
1.428083
1.315281
1.156741
0.9659623
0.9775956
1.117498
1.222244
1.418725
1.395144
1.100272
1.073049
1.064349
1.08778
1.067899
1.198045
1.064328
1.351398
1.071566
1.128189
1.334397
1.10086
1.127999
1.026712
0.9637906
1.08357
0.9070599
0.8727693
0.710735
0.8557794
0.9206831
1.2807
1.421112
1.371595
1.089713
1.107625
1.202538
1.255365
1.122064
1.353622
1.327308
1.39779
1.502606
1.45621
1.711896
1.341252
1.451948
1.601576
1.652622
1.70972
1.692814
1.855754
1.531108
1.405902
1.613628
1.342568
1.253273
1.300429
1.35112
1.271777
1.343328
1.245024
1.243784
1.162536
1.526316
1.244568
1.204001
1.219193
1.023943
0.9719766
1.001675
0.9291719
1.387292
1.511411
1.573478
1.758856
1.911435
1.491466
1.592328
1.751678
1.689998
1.758866
1.727297
1.466354
1.292294
1.239134
0.9127598
1.261995
1.341092
1.34583
1.565499
1.316566
1.229531
1.226316
1.488397
1.166041
1.19734
1.084875
1.127918
1.038031
1.181775
1.019712
1.054101
1.17254
1.308736
1.122715
1.178625
1.086936
1.038946
1.107066
0.9076861
0.9963648
1.02792
1.069644
0.9182748
0.8887092
0.9850685
0.8682673
1.016115
0.9575384
0.9919106
1.173479
1.063999
0.8947536
1.157853
1.131108
1.018922
1.313777
1.24083
1.385743
1.053443
1.298672
1.215737
1.330507
0.8891898
0.9583361
0.9881056
0.8471004
0.8495061
0.9567307
1.079934
1.150027
1.069761
1.306466
1.237417
1.180912
1.421776
1.220029
1.042153
0.7464177
0.7025808
0.7132846
0.7237423
0.6678832
0.8992003
1.004688
1.377011
1.519627
1.522781
1.482505
1.608022
1.475472
1.617862
1.295699
1.342766
1.076348
1.054533
1.374651
1.636954
1.435242
1.672457
1.579778
1.50865
1.576955
1.272417
1.518779
1.644764
1.552546
1.386663
1.298787
1.260456
1.100524
0.9813111
1.004423
1.039763
1.391217
1.152262
1.221739
1.295802
1.03323
0.9495522
1.118758
1.303739
1.339712
1.029756
0.9784645
1.001233
1.033795
1.184217
1.043701
1.207539
1.191399
1.314127
1.218772
1.12401
1.246924
1.181125
1.071927
1.131776
1.156075
0.9903139
1.145027
1.138183
1.200251
1.206036
1.188498
1.01014
1.06891
1.223245
1.268659
1.272388
1.222294
1.298536
1.405006
1.303365
1.457938
1.653922
1.337747
1.205815
1.214783
1.181123
1.27506
1.115922
1.396338
1.392153
1.292889
1.2006
1.164247
1.181506
1.214437
1.381751
1.281391
1.181375
1.241175
1.190765
1.222477
1.452659
1.169509
1.222381
1.318955
1.257345
1.114274
0.9493794
1.022802
0.9895761
0.9953421
0.9866405
0.909059
1.100793
1.314439
1.010918
1.080191
1.243808
1.398504
1.264695
1.184214
1.037562
1.033134
1.024899
0.9176529
0.843544
0.8918499
0.8109771
1.095553
1.117232
1.105072
1.108775
1.339084
1.682162
1.81531
1.773703
1.184344
1.40677
1.394332
1.213896
1.526498
1.317883
1.543091
1.107438
1.247043
1.232148
1.378829
1.360943
1.294083
1.211623
1.326755
1.295268
1.266762
1.11046
1.277168
1.20204
1.011448
1.296282
1.150493
1.083703
0.9500722
1.089625
0.9900571
0.8128523
0.9378263
0.9824649
0.9979736
1.036621
1.196825
1.178153
1.342122
1.285384
1.168356
1.031785
1.146818
1.079025
1.14705
1.117691
1.154076
1.233334
1.255895
1.068224
1.434283
1.693277
1.527219
1.289909
1.166517
0.9313538
0.7920536
1.065681
1.277925
1.326272
1.694354
1.623968
1.604818
1.621597
1.462184
1.267819
1.200036
1.152256
1.060141
0.9703856
1.097698
0.9403018
0.946456
1.018441
1.023397
0.9001566
0.9881574
1.024648
1.216564
1.174969
1.202125
1.248446
1.024644
0.8727464
0.8762133
1.149303
0.8562269
0.879472
0.9008392
1.014756
1.025441
0.7857761
0.707031
0.7272193
0.945911
1.219364
1.199409
1.225454
1.107235
0.9446873
1.002547
1.100876
1.255769
1.454211
1.224431
1.173016
1.293995
1.350438
1.257245
1.13609
1.2209
1.375059
1.294699
1.098636
1.22573
1.493176
1.325129
1.574695
1.391288
1.441178
1.499379
1.165896
1.354496
1.44505
1.324546
1.396366
1.407502
1.112701
0.9179265
1.003828
1.088005
1.011164
1.273254
1.07601
1.202891
0.923301
0.9737339
0.9196654
0.9938787
0.9234489
0.9634701
1.225683
1.221082
1.243558
1.025285
0.9602453
0.8023694
0.8939833
0.7268946
0.724171
0.8851148
1.08792
0.9787704
0.8551903
0.9859293
0.9272411
0.9861472
1.092436
1.043299
1.169706
1.149197
1.430472
1.497977
1.412347
1.575812
1.578148
1.558498
1.556798
1.255178
1.502486
1.183563
1.127768
1.115536
1.413802
1.57564
1.069034
0.9971329
0.9368306
1.005382
1.235227
1.076534
0.9774366
0.8916322
0.8779264
0.8484008
0.8621086
0.8834837
0.8113841
1.097096
1.116124
0.8434927
0.9087584
0.9700068
1.160554
1.21957
1.047118
1.051286
1.109949
1.558457
1.305063
0.9667967
1.130128
1.356608
1.01452
1.227383
1.169928
1.132016
1.069639
1.10911
1.230356
0.995916
1.010495
1.018474
1.074726
0.8708606
0.9731131
1.069376
1.004522
1.007911
1.367245
1.227242
1.339593
1.149955
1.427362
1.55381
1.505105
1.289463
1.822561
1.505192
1.754594
1.56363
1.424844
1.608031
1.366202
1.305858
1.232721
1.098019
1.24065
1.38528
1.081183
1.258962
1.211257
1.719623
1.289461
1.395057
1.593035
1.600377
1.604922
1.584104
1.489007
1.351157
1.08584
1.119139
1.416661
1.322902
1.177292
1.141975
1.375129
1.495357
1.307588
1.238585
1.163513
1.458216
1.259878
1.249621
1.350405
1.152179
1.366023
1.265939
1.26461
1.482903
1.424556
1.01282
0.8868768
0.8230892
0.7720923
0.9942107
1.002046
1.022783
1.18796
1.338454
1.323488
1.278425
1.0079
0.7130556
0.5909609
0.681719
0.766544
0.8722858
0.9579894
0.9757214
0.9898663
1.028241
1.103431
0.8569195
0.8810315
0.8821219
0.9638317
0.967857
1.177291
1.132433
1.223355
1.414641
1.217134
1.282075
1.198899
1.088342
1.364852
1.444828
1.227919
1.204237
1.328943
1.441011
1.315185
1.442984
1.279891
1.397112
1.100473
1.042089
1.333588
1.24377
1.56954
1.233725
1.356272
1.384092
1.330438
1.273465
1.041778
1.082695
0.9737013
0.9545865
0.9486511
1.035294
1.146848
1.215775
1.291835
1.263233
1.319135
1.465542
1.734462
1.670347
1.770402
1.505247
1.619372
1.488551
1.37348
1.525967
1.400946
1.212095
1.000645
1.199701
1.348598
1.260837
1.12195
1.103386
0.8095986
0.891063
0.8744196
0.9500039
0.8572283
0.7178441
0.6804302
0.8940347
1.205556
0.9453883
1.295332
1.331181
1.315738
1.222895
1.258314
1.336262
1.620415
1.413694
1.456952
1.114145
1.141765
1.280937
1.256559
1.292079
1.646521
1.455886
1.332401
1.155931
1.321761
1.326195
1.091751
1.007123
1.068288
1.099746
1.488985
1.442182
1.379786
1.581168
1.34521
1.166459
1.100943
1.198533
1.011658
0.8989301
0.9016828
1.040681
0.9176133
1.016919
0.9424811
1.208755
1.370033
1.320864
0.94238
0.85333
0.7720163
0.7317081
0.8654931
1.116875
0.8827004
0.8643172
0.9157745
1.049313
1.128987
1.158061
0.9154974
0.922229
1.113024
1.220054
0.9982778
1.294868
1.250843
1.488364
1.366289
1.400236
1.539072
1.680449
1.727101
1.50711
1.087098
1.180994
0.9021455
0.9846368
1.16815
1.14375
1.039516
1.112625
0.9864232
0.9916786
1.30311
1.215869
1.224803
1.18802
1.105903
1.141665
1.269324
1.38518
1.281521
1.405706
1.275698
1.253242
0.9055979
0.8247404
0.7171177
0.78119
0.7963101
0.7487014
0.5762872
0.5425174
0.5345223
0.7105537
0.7030831
0.8711454
1.086195
0.9337151
0.9033206
1.112636
0.9965105
1.211846
1.377851
1.331665
1.259684
1.087761
1.10815
1.216887
1.090139
1.200304
1.259856
1.465658
1.187954
1.333452
1.213251
1.215533
1.224847
0.9599684
1.055228
1.166513
1.332018
1.229119
1.140713
1.378002
1.114604
0.9231838
1.042007
0.8918556
0.7218398
0.6674702
0.6771403
0.5598309
0.6519765
0.7156686
0.7803562
1.007092
1.212518
1.390999
1.201174
1.141904
1.424244
1.444888
1.141739
0.9759026
1.086508
0.9432232
1.007334
0.8800486
0.9557773
0.9923935
1.028437
1.126085
1.376332
1.405711
1.138859
1.342085
1.051974
0.9546013
0.8647746
0.8712533
0.8109569
0.9184364
0.772334
1.003167
1.03903
1.216108
0.9927968
1.136583
0.9976497
1.03658
1.051295
1.168299
0.894769
1.032677
1.08437
1.18183
1.106807
1.198268
1.140648
1.101959
0.8827872
0.9819624
0.9676499
1.039094
1.199102
1.206634
1.168542
1.181244
1.456861
1.467106
1.450237
1.49865
1.401905
1.193199
1.648394
1.243721
1.068328
1.042479
1.172785
1.091747
1.056632
1.022276
1.314147
1.279854
1.139069
1.255895
1.592261
1.239906
1.165627
1.338324
1.176413
0.9803929
0.9049758
0.972158
0.829095
0.677947
0.7752008
0.8192956
0.7066635
0.7996432
0.9886667
0.9154784
1.024843
0.8687174
0.8162946
0.7956898
0.8579351
0.9007131
0.8392982
0.8089222
0.9529217
0.9254337
0.9217604
0.9090768
1.065493
1.351313
1.352399
1.334707
1.371429
1.157124
1.356972
1.413846
1.193697
1.15921
1.067568
1.309945
1.319646
1.290189
1.141158
1.218732
1.163959
1.086237
0.8270044
1.020187
0.9750845
0.9966085
1.171959
1.19597
1.087488
1.237783
1.19188
1.225192
1.186864
1.082748
1.052923
1.060584
0.9479029
1.107515
1.185636
1.085789
1.224602
0.9636481
0.7877957
0.8074982
0.758513
0.7605545
0.9790709
1.184996
1.262199
1.189545
1.027592
1.131437
1.243779
0.9820897
0.9895709
1.017349
1.134083
1.26453
1.353148
1.318218
1.391761
1.480816
1.5845
1.45687
1.484981
1.462872
1.475982
1.384253
1.056744
1.209386
1.238559
1.396552
1.33976
1.20882
1.245735
1.02654
0.9764215
1.202896
1.195713
1.1573
1.479365
1.137931
0.9627455
0.8194804
0.8209833
0.8375369
0.9401554
1.118356
1.154858
1.014205
1.163566
1.025242
1.000567
1.04311
1.211003
1.348404
1.251
1.129269
1.198712
1.259526
1.222504
1.523116
1.290427
1.165323
1.21301
1.194731
1.251104
1.288409
1.346798
1.443527
1.355881
1.280077
1.082256
1.063444
1.005255
1.288486
1.460933
1.389563
1.360676
1.40356
1.455032
1.356644
1.389588
1.182003
1.348304
1.186502
1.181339
1.100339
1.053218
1.056416
0.9335879
1.14088
1.358517
1.070326
0.8329968
1.018129
1.054362
0.9623341
0.9417395
1.089203
1.209468
1.244332
1.31261
1.222427
1.052897
1.098347
1.178971
1.002336
0.9140767
1.09339
1.047109
1.172647
0.9425819
0.9651584
0.8917351
0.9937564
0.8266506
1.080524
1.160664
1.302033
1.467411
1.544227
1.320439
1.127764
1.120605
1.203734
1.029988
0.9508731
0.8974604
0.8036764
0.7865188
0.892341
1.120319
1.091733
1.365244
1.227847
1.322853
1.435553
1.46904
1.716257
1.389973
1.497117
1.695994
1.823629
1.598512
1.697526
1.697191
1.546495
1.018522
1.027939
1.16243
1.109609
1.259254
1.245333
1.231364
1.129933
1.294707
1.317333
1.800689
1.680908
1.745449
1.931448
1.636337
1.478085
1.392469
1.320094
1.129486
1.175117
1.271824
1.17527
1.281782
1.389312
1.133898
1.023553
1.138453
1.145346
1.176631
1.139493
1.0198
0.9873111
0.9557282
1.021013
0.9598994
1.082902
0.9508102
1.007809
0.9553904
1.323515
1.333265
1.534804
1.638474
1.809723
1.601347
1.764042
1.788675
1.87231
1.601871
1.440007
1.428559
1.27526
1.151263
1.238011
1.14064
1.446307
1.246853
1.232813
1.096443
1.125459
1.275066
1.183319
1.132599
0.9923258
0.8367339
0.7621971
0.8451722
0.728328
0.7837132
0.8673372
0.6572113
0.662674
0.7320358
0.757309
0.9124033
0.7704043
0.826591
