1.994431
1.625647
1.784913
1.645689
1.653797
1.576043
1.685733
1.829059
1.818642
1.722357
1.722387
1.77022
1.703375
1.642834
1.863209
1.69524
1.872802
1.898051
2.168459
1.719844
1.672285
1.599796
1.559502
1.685883
1.52677
1.592757
1.726517
1.789303
1.580254
1.599004
1.734437
2.055213
1.865663
1.862955
1.872689
2.105332
2.248109
1.797718
1.703248
1.304311
1.455346
1.404112
1.472726
1.624043
1.465545
1.459942
1.682549
1.799934
1.795846
1.469698
1.784643
1.773641
1.89971
1.524673
1.722318
2.179493
2.188321
2.202592
1.841517
1.937518
1.401764
1.559244
1.587823
1.699457
1.843066
1.587881
1.611458
1.44816
1.640473
1.805997
1.629425
1.541048
1.708289
1.66645
1.622226
1.719344
1.707404
1.421348
1.6249
1.644027
1.506216
1.471068
1.691391
1.694216
1.596111
1.878486
1.547172
1.418909
1.573384
1.705687
1.638702
1.678563
1.605558
1.393909
1.658136
1.427949
1.466006
1.655315
1.690465
1.499725
2.059299
2.300657
2.366229
2.082663
2.113881
1.63333
1.633457
1.648
1.927413
2.028561
1.974545
2.043895
1.614141
1.619517
2.169293
2.082388
2.090813
1.645104
1.639499
1.651418
1.776509
1.433819
1.750242
1.42005
1.632112
2.100945
1.779709
1.714307
2.065157
1.467668
1.338877
1.386007
1.535902
1.576959
1.836617
1.556517
1.463339
1.453838
1.710008
1.609091
1.84285
1.772772
1.641659
1.456442
1.560716
1.764911
1.477094
1.358149
1.520727
1.825817
1.715903
1.726336
1.888954
1.825031
1.934349
1.948294
1.823902
1.649007
1.831849
1.390319
1.320335
1.361168
1.318235
1.461428
1.666062
1.730891
1.937523
1.890862
1.978797
2.212879
2.204255
2.031703
1.99996
1.853523
1.806358
1.407373
1.204169
1.541838
1.591505
1.532584
1.670868
1.762072
1.551
1.418337
1.642825
1.764547
1.591723
1.387762
1.537402
1.365392
1.632827
1.558117
1.54592
1.689378
1.537049
1.937012
1.889192
1.495721
1.528618
1.582082
1.622205
1.676719
1.674958
1.333635
1.555209
1.58382
1.665682
1.786119
1.672559
1.673501
1.70704
1.695262
1.860016
1.911085
1.774688
1.735554
1.867433
1.6825
1.606624
1.510831
1.511991
1.433594
1.547201
1.519908
1.637355
1.700979
2.256359
1.85716
1.714226
1.65214
1.617417
1.708775
1.972734
1.739586
1.641068
1.412751
1.315179
1.391275
1.571193
1.463903
1.377759
1.326451
1.482006
1.524339
1.580303
1.611292
1.579021
1.655046
1.698252
1.796944
1.718315
1.692054
2.197016
1.712047
1.578395
1.587263
1.541391
1.519585
1.673899
1.559084
1.538662
1.636825
1.735943
1.86284
1.753182
1.946777
1.808583
1.558901
1.80921
1.838767
2.12641
1.891586
1.855568
1.442068
1.568821
1.595274
1.568442
1.789716
1.742726
1.514741
1.89646
1.752358
1.641903
1.711549
1.634943
1.43078
1.579041
1.67839
1.754837
1.558331
1.71485
1.684261
1.45566
1.324221
1.702394
1.822115
2.00835
1.650561
1.632715
1.697326
1.743617
2.062039
2.013045
2.080805
2.183077
1.582894
1.442363
1.45647
1.444913
1.686092
1.567057
1.565963
1.72399
1.316645
1.397565
1.543495
1.400165
1.49985
1.724455
1.667216
1.465034
1.6654
1.958377
1.814282
1.620026
1.571907
1.79118
1.854738
1.892016
1.654863
1.67161
1.850772
1.626526
1.617288
1.895733
1.905367
1.610152
1.666637
1.646644
1.594939
1.685663
1.466415
1.492556
1.699284
1.418718
1.667474
1.790925
1.629705
1.522184
1.594505
1.524321
1.489699
1.466512
1.67073
1.646113
1.460505
1.513439
1.687911
1.487016
1.823915
1.707424
1.846333
1.686439
1.732796
1.769289
2.145143
2.088769
1.571902
1.714889
1.876568
1.770573
1.889539
1.740255
1.76003
1.593217
1.444247
1.556126
1.559379
1.304489
1.278722
1.569223
1.515045
1.525855
1.444444
1.583606
1.452816
1.422683
1.508034
1.553527
1.71395
2.011684
1.867508
1.608072
1.63231
1.515502
1.500499
1.432906
1.48933
1.466361
1.931502
1.863367
1.925302
1.600426
1.435781
1.560299
1.748226
1.865449
1.869219
1.970361
1.545502
1.626313
2.072799
1.991428
2.133212
2.009707
1.632646
1.771989
1.678243
1.371537
1.587613
1.633504
1.745717
1.397552
1.221796
1.511716
1.706439
1.620722
1.630251
1.363441
1.413539
1.633992
1.811202
1.756321
1.979845
2.010722
1.938913
1.761061
1.825306
1.85558
1.941628
1.860023
1.575011
1.514469
1.507238
1.457458
1.723187
1.688771
1.77303
1.646052
1.777849
1.542677
1.550622
1.635004
1.609043
1.489879
1.533731
1.965538
1.479907
1.2262
1.446913
1.597031
1.478659
1.587964
1.545503
1.232259
1.302199
1.500238
1.345579
1.726879
1.718769
1.526368
1.734477
1.566155
1.609462
1.299949
1.252368
1.180707
1.35656
1.514518
1.673716
1.726202
1.974993
1.904315
2.025082
1.683255
1.384406
1.819977
1.890298
1.820696
1.596538
1.631511
1.712028
1.75288
1.78359
1.929687
1.71971
1.586443
1.529004
1.907196
1.993704
1.804719
1.666351
1.996936
1.690708
1.580287
1.783101
1.600575
1.681715
1.778476
2.040005
2.017442
1.62936
1.540789
1.471547
1.307841
1.410313
1.64032
1.452307
1.493725
1.543151
1.561192
1.535846
1.550655
1.36924
1.414573
1.649758
1.662818
1.512815
1.397046
1.529984
1.705855
1.732924
1.693997
1.863269
2.048315
1.758924
1.493323
1.411151
1.654824
1.903652
1.838658
1.93697
1.619041
1.470638
2.096941
2.017171
1.841774
1.949016
2.107122
1.847238
1.564611
1.895166
2.029644
1.97496
1.981093
1.725938
1.594735
1.825843
1.689916
1.81431
1.64002
1.715537
1.915222
1.563222
1.652894
1.67204
1.697285
1.734516
1.694438
1.700802
1.648009
1.685077
1.45881
1.508827
1.515628
1.930819
1.78182
1.685973
1.651804
1.885518
1.936155
2.049109
1.791217
1.745344
1.502652
1.636101
1.635557
1.862087
2.039674
1.891468
1.830193
1.65427
1.74229
1.675535
1.583527
1.683737
1.728428
1.644558
1.751952
1.986782
1.874361
2.100746
1.91132
1.758547
1.847998
1.673906
1.857163
1.603089
1.94066
1.798521
1.742809
1.812911
1.873303
1.642959
1.49447
1.770066
1.340548
1.631411
1.746126
1.719153
1.961126
1.737948
1.708293
1.846107
1.678896
1.793962
1.415525
1.465946
1.668634
2.004064
2.119157
2.03238
1.758276
2.029266
1.626231
1.7145
1.751176
1.919622
1.884664
1.854793
1.479406
1.529431
1.383227
1.490647
1.627151
1.577725
1.709048
1.805068
1.697825
1.627306
1.425183
1.256639
1.267659
1.353029
1.506758
1.274612
1.418218
1.30855
1.46623
1.952615
2.034277
1.800966
1.765576
1.715626
1.590639
1.586266
1.436287
1.732623
2.247784
1.868211
1.803149
1.768346
1.516257
1.761384
1.700605
1.642548
1.583667
1.717494
1.660862
1.703307
1.863509
1.575412
1.573634
1.853147
1.804271
1.657059
1.570385
2.028791
1.602417
1.827277
1.674748
1.534991
1.65408
1.773067
1.840723
2.072134
1.942883
1.787004
1.679004
1.667558
1.614859
1.761109
1.648882
1.809878
1.705777
1.748415
1.869123
1.779174
1.833001
1.997017
1.940559
1.610087
2.059324
1.608997
1.651326
1.573781
1.448438
1.55083
1.678359
1.908984
1.923335
1.932588
1.852324
1.825168
1.613001
1.809492
1.485373
1.347844
1.401078
1.201658
1.328828
1.540003
1.734117
1.781277
2.018503
1.697381
1.753171
1.724602
1.62118
1.988208
2.052486
1.832188
1.810958
1.817316
1.931386
1.550623
1.558697
1.561875
1.682593
2.070794
1.807055
1.716073
1.639243
1.652135
1.480736
1.504482
1.505003
1.621864
1.501809
1.400777
1.416081
1.378623
1.587
1.441498
1.525793
1.834265
1.964264
1.624086
1.629824
1.815644
1.774941
1.806174
1.624022
1.727735
1.78469
1.458273
1.551088
1.577024
1.554163
1.98538
1.817975
1.804366
1.852112
1.765832
2.035761
1.782215
1.707703
1.812979
1.664776
1.666826
1.857421
1.620511
1.681285
2.232762
2.057411
2.115839
2.020863
1.516844
1.415027
1.260956
1.340564
1.414939
1.558299
1.622447
1.450819
1.93864
1.969793
2.010001
1.993965
1.772517
1.805096
2.008191
2.055428
1.592125
1.573042
1.595258
1.556634
1.47712
1.520126
1.532115
1.800232
1.913067
1.866282
1.827352
2.114329
1.904381
2.039972
1.992529
1.837072
1.593078
1.901264
1.846682
1.717657
1.925139
2.129703
2.322894
1.816078
1.821262
1.745119
1.823294
1.852236
1.507571
1.641368
1.383028
1.400783
1.524523
1.258326
1.26954
1.166925
1.164255
1.342055
1.295004
1.70457
1.629691
1.759124
1.355974
1.614296
1.70256
1.727013
1.555182
1.385718
1.827257
2.033412
1.908329
1.848298
1.672123
1.568395
1.582105
1.664703
1.86591
1.630462
1.62221
1.794289
1.803441
1.686242
1.740906
1.818531
1.886996
1.778505
1.680461
1.81515
1.799771
1.667377
1.89138
1.62988
1.914838
1.61876
1.767099
1.887008
1.544833
1.669208
1.530409
1.770986
1.627886
1.798234
1.998877
1.975363
1.748192
1.806185
1.655453
1.587579
1.467668
1.293686
1.418608
1.470334
1.464647
1.145085
1.406643
1.717958
1.698961
1.864489
1.737852
1.59976
1.670419
1.657966
1.756155
1.564665
1.597994
1.72033
1.581664
1.634913
1.51531
1.603303
1.850624
1.754514
2.22745
2.137179
2.009805
1.986053
1.914838
1.839383
1.734008
1.923438
1.837638
1.858804
1.997791
1.828231
1.717553
2.190381
1.646744
1.662693
1.814767
2.09911
1.602784
1.82194
1.570302
1.697401
1.882384
1.835586
1.980929
2.037031
1.73941
1.98721
1.674577
1.879334
1.802428
1.824623
1.69874
1.658285
1.557166
1.423644
1.495908
1.47024
1.688479
1.540753
1.363588
1.436916
1.339553
1.153869
1.128216
1.425418
1.34799
1.258792
1.405835
1.316854
1.564422
1.970933
1.434608
1.69446
1.638378
1.681236
1.821077
1.995164
1.865143
1.425316
1.647773
1.766756
1.828679
1.858046
1.694188
1.948851
1.74969
1.825502
1.8764
1.918416
1.759592
1.639043
1.956823
1.507509
1.567921
1.661191
1.493239
1.731383
1.814268
1.851931
1.705847
1.903821
1.551132
1.560484
1.836211
1.651603
1.633928
1.606951
1.643066
1.618159
1.306558
1.552636
1.477245
1.576857
1.768268
1.662992
1.689347
1.617185
1.53111
1.511585
1.740106
1.477949
1.506393
1.88497
1.66917
1.751628
1.888861
1.819292
1.912751
2.077999
2.111537
1.878879
1.814662
2.102865
1.659584
1.697649
1.915692
2.152224
1.715763
1.720886
1.969679
1.57907
1.586536
1.9414
1.971639
2.219445
1.981545
1.697196
1.50743
1.766344
1.806347
2.126226
1.818336
2.071784
2.111769
1.957312
1.696046
1.803239
1.654692
2.00008
1.842671
1.478726
1.562838
1.618408
1.540662
1.497839
1.513103
1.699494
1.671274
1.584705
1.566032
1.585002
1.923081
1.899379
1.698549
1.610838
1.477048
1.480194
1.569743
1.515583
1.432917
1.763755
1.542895
1.696788
1.82614
1.891261
1.529631
1.532982
1.775299
1.774768
1.579896
1.57415
1.498511
1.379358
1.739917
1.931881
1.950172
2.245738
2.152193
1.907732
1.677738
1.712877
1.642084
1.488904
1.767554
1.844625
1.553511
1.561531
1.782388
1.852007
1.967199
2.037801
1.848575
1.652426
1.768792
2.041504
1.687615
1.82538
1.834617
1.790428
1.744829
1.845864
2.018072
1.617642
2.012543
2.092935
1.855191
1.858821
1.864938
1.79029
1.727152
1.489798
1.485303
1.561892
1.302335
1.464643
1.407195
1.617713
1.65105
1.633905
1.526101
1.74213
1.850478
1.985829
1.688135
1.696764
1.517947
1.745493
1.889095
1.70978
1.802254
1.668282
1.747225
1.732982
1.759895
1.851103
2.192893
1.908227
1.791124
1.40117
1.357932
1.520589
1.822902
2.016149
1.996987
1.808316
1.686975
1.917295
1.873183
1.804508
1.482953
1.399716
1.478242
1.342612
1.311389
1.489844
1.887357
1.752404
2.014053
1.864835
1.56532
1.556552
1.751092
1.94374
1.82023
2.081523
1.935562
1.851102
1.475127
1.71473
1.684205
1.624122
1.575222
1.434318
1.703328
