1.20166
1.338386
1.568092
1.633549
2.029023
2.216003
1.383596
1.500247
1.416135
1.317271
1.786936
1.286965
1.387576
1.485927
1.255095
1.428099
1.140569
1.143302
1.522902
1.486792
1.317394
1.35482
1.645833
1.685147
1.600945
1.448309
1.539618
1.624539
1.315657
1.957674
1.274545
1.668626
1.560425
1.485951
1.584296
1.804217
1.674773
1.581547
1.146424
1.317112
1.518266
1.458928
1.453149
1.71257
1.609917
1.383066
1.175163
1.523917
1.324424
1.638844
1.410623
1.52869
1.390278
1.323809
1.680234
1.380615
1.644141
1.353099
1.324666
1.291912
1.303501
1.796633
1.584552
1.419851
1.590569
0.9984416
1.105736
1.618445
1.6506
1.527357
2.09003
1.814358
2.056628
1.589853
1.746699
1.630686
1.437239
1.48904
1.534172
1.317471
1.423707
1.421619
1.636041
1.530373
1.882743
1.426866
2.166164
1.442318
1.589433
1.496572
1.652874
1.861421
1.18228
1.251789
1.453715
1.392516
1.974207
1.369526
1.74889
1.625167
1.605925
1.529205
1.30757
1.288737
1.337411
1.652572
1.481217
1.320381
1.58895
1.333424
1.649004
1.620395
1.994301
1.52027
1.29748
1.280193
1.636079
1.230245
1.458372
1.107956
1.711191
1.59929
1.255357
1.399609
2.025961
1.674557
2.331952
1.575556
1.517223
1.49104
1.496842
1.600745
1.526706
1.336874
1.429167
1.620765
1.515919
1.378442
1.377489
1.515507
1.578818
1.424226
1.18319
1.410099
1.968858
1.341803
1.60149
1.852216
1.580812
1.632141
1.776306
1.544366
1.429252
2.250464
1.531132
1.630543
1.22835
1.426242
1.799561
1.329529
1.35941
1.828574
1.737021
1.480204
1.260394
1.413529
1.520268
1.524523
1.895801
1.535213
1.429993
1.553412
1.43458
1.595473
1.456814
1.256434
1.525809
1.6187
1.824609
1.856802
1.894235
1.336514
1.398606
1.315384
1.118323
1.881159
1.602651
1.617761
1.442674
1.242921
1.295505
1.355923
1.785716
1.533312
1.074941
1.566248
1.4776
1.840934
1.106108
1.441778
1.545758
1.347873
1.809621
1.186206
1.881265
1.865777
1.529017
1.509552
1.18723
1.236922
1.756033
1.970047
1.617302
1.336528
1.344328
1.591921
1.373092
1.247893
1.447638
1.729743
1.679565
1.791842
1.41558
1.552624
1.57306
1.487491
1.247576
1.466642
1.793797
1.365111
1.693458
1.801898
1.397863
1.161965
1.431816
1.099963
1.683252
1.373103
1.293642
1.56367
1.760894
1.867873
1.317572
1.768292
1.423767
1.280824
1.209231
1.565715
1.138634
1.231119
1.880194
1.744672
1.209131
1.386277
1.477572
1.26405
1.382085
1.653597
1.125622
1.373671
1.75017
1.597536
1.210128
1.570882
1.929182
1.505291
1.646031
1.296833
1.353872
1.55068
1.111283
1.39762
1.662105
1.433513
1.655396
1.380926
1.843131
1.481209
1.360649
1.574872
1.148489
1.386493
1.149553
1.542105
1.445383
1.347152
1.941096
1.509298
1.624514
1.748103
1.62458
1.299713
1.369321
1.658989
1.775051
1.454083
1.139503
1.230128
1.355119
1.786127
1.727991
1.686802
1.32917
1.755551
1.044882
1.689939
2.055625
1.652344
1.553604
1.682643
1.097762
1.857805
1.786785
1.738162
1.875326
1.800403
1.72322
1.31223
1.80991
1.425735
1.824477
1.34314
1.407292
1.768281
1.28624
1.743638
1.749549
1.444439
1.401399
1.695035
1.56949
1.546014
1.553333
1.270662
1.510329
1.745432
0.9664656
1.318406
1.584433
1.57465
1.387677
1.67919
1.597571
1.393727
1.422618
1.438919
1.310338
1.667882
1.402226
1.985439
1.577744
1.329819
1.491573
2.039362
1.706982
1.437984
1.345819
1.716595
1.551177
1.341862
1.60073
1.664146
1.654015
1.676243
1.300674
1.493214
1.458936
1.520246
1.068987
1.548097
1.562798
1.644294
1.336299
1.217107
1.798217
1.473244
1.774863
1.497677
1.506562
1.404111
1.25336
1.739994
1.245885
1.29944
1.256345
1.262455
1.644756
1.485272
1.554666
1.173264
1.422824
1.994719
1.763238
1.756119
1.31201
1.45818
2.146599
1.587521
1.583797
1.271393
1.546115
1.508891
1.62524
2.195293
1.541968
1.418211
1.173056
1.941372
1.06147
1.446598
1.572011
1.708312
1.23742
1.19785
1.080299
1.653466
1.587881
1.424485
1.647678
1.761782
1.350031
1.236539
1.525577
1.326476
1.315794
1.104928
1.387426
1.403309
1.662957
1.348759
2.022182
1.631538
1.635147
1.183276
1.535912
2.040997
1.876522
1.337285
1.234672
1.504169
1.335375
1.65518
1.4593
1.456801
1.25492
1.598241
1.325401
1.385138
1.356593
1.827949
1.51327
1.669582
1.796944
1.587488
1.325535
1.466363
1.565004
1.840328
1.398104
1.577487
2.279829
1.528479
1.477485
1.443569
1.62228
1.202778
1.850928
1.129991
1.47354
1.444161
1.47068
1.299755
1.371433
1.399
1.410171
2.014402
1.380452
1.493902
1.306516
1.29461
1.383755
1.217157
1.669276
1.445331
1.33904
1.047588
1.138334
1.305691
1.02053
1.905836
1.97861
1.534145
1.55222
1.379004
1.667882
1.491848
1.545216
1.698167
1.347017
1.95242
1.626509
1.813149
1.667789
1.252632
1.253693
1.744839
1.366788
2.131157
1.88368
1.51662
1.380232
1.291875
1.458402
2.002985
1.823534
1.505068
1.666442
1.392202
1.35967
1.429888
1.637347
1.366366
1.903647
1.258448
1.313988
1.611588
1.36619
1.766362
2.032822
1.630556
1.394517
1.553141
1.107706
1.288841
1.322357
1.589366
1.507847
1.242174
1.424383
1.452025
1.470333
1.477966
1.593915
1.617577
1.868759
1.407051
1.260035
1.293432
1.770604
1.345172
1.237044
1.727027
1.640974
1.236377
1.838444
1.041797
1.529132
1.119535
1.574404
1.390137
1.690308
1.460477
1.798705
1.477276
1.050466
1.608645
1.580306
1.186432
1.666236
1.489622
1.45692
1.589273
1.334202
1.530967
1.071072
1.778614
1.702898
2.338916
1.810511
1.46069
1.570905
1.587544
1.222387
1.931884
1.556677
1.314642
1.575205
1.484609
1.847789
1.91294
1.353566
1.435875
1.315407
2.282678
1.135205
1.528865
1.473126
1.339495
1.441078
1.683614
1.397766
1.447107
1.349957
1.417111
1.490698
1.761722
1.501198
1.464533
1.092622
2.103547
1.737006
1.602607
1.508843
1.166013
1.260721
1.445185
1.756119
1.248965
1.406105
1.573707
1.511139
1.695713
1.071281
1.517255
1.440209
1.400014
1.566864
1.575946
1.850928
1.594812
1.611332
1.312067
1.645274
1.433449
1.549874
1.207535
1.451774
1.088067
1.64966
1.372353
1.92766
1.858451
1.593235
1.880339
1.45806
1.859632
1.492451
1.36455
1.22835
1.305825
1.431231
1.622018
1.858899
1.757208
1.551556
1.96721
1.249778
1.858392
1.470699
1.389824
1.23632
1.428545
1.608682
1.912932
1.846297
1.334349
2.046447
1.536463
1.085829
2.229065
1.609489
1.548359
1.513622
1.16006
1.850732
1.462714
2.055041
1.821248
1.10938
1.706115
1.822994
1.802264
1.459112
1.676675
2.036123
2.037353
1.725153
1.103548
1.457943
2.323753
1.363867
1.066655
1.586718
1.662606
1.754641
1.688748
1.518001
1.852173
1.208432
1.359278
1.650217
1.346239
1.191381
1.374848
1.483854
1.728416
1.560589
1.474362
1.478808
1.209722
1.775745
1.677567
1.162302
1.838761
1.560853
0.9556059
1.577167
1.386061
1.383002
1.42901
1.197561
1.588727
1.516365
1.799455
1.719975
1.274228
1.362105
1.723277
1.625449
2.18994
1.167023
1.529263
1.960165
2.090061
1.590092
1.710949
1.688069
1.612149
1.524839
1.513093
1.550276
1.594147
1.530663
1.172576
1.584091
1.280784
1.394301
1.377793
1.293208
1.38087
1.245818
1.300112
1.291325
1.836742
1.716815
1.588684
1.564721
1.601137
1.670353
1.724367
1.69267
1.103743
1.174143
2.174198
1.141182
1.428267
1.7115
1.418958
1.097558
1.40379
1.387742
1.235997
1.251053
1.165344
1.463261
1.740335
1.634142
1.822883
1.827753
1.602979
1.916933
1.604526
1.216572
1.261885
1.731357
1.375353
1.34767
1.579273
1.715529
1.342313
1.923005
1.934341
1.701317
1.231545
1.522925
1.614149
1.244747
1.93563
1.432673
1.326051
1.204766
1.179576
2.041192
1.53982
1.684248
1.391061
1.249387
1.28521
1.767477
1.28404
1.830955
2.192354
1.408109
1.266533
1.61869
1.638763
1.092047
1.422676
1.390523
1.569473
2.155113
2.26829
1.744743
1.267965
1.668402
1.348574
1.634793
1.834358
1.305445
1.319695
1.64932
1.487116
1.687372
1.742822
1.392966
1.125783
1.518341
1.548143
1.668679
1.583243
1.640638
1.463694
1.055269
1.617974
1.388783
2.068944
1.183747
1.681714
1.543911
1.422007
1.212134
1.25989
1.154097
1.39921
1.127271
1.178859
1.613312
1.167517
1.623526
1.558757
1.5735
1.467786
1.622799
1.850401
1.341671
1.217868
1.288225
2.010762
1.410956
1.833305
2.087972
1.039282
1.565945
1.32275
1.511667
1.044849
1.59353
1.309932
1.565966
1.625383
1.556588
1.245809
1.324128
1.484679
1.449971
1.391999
1.474692
1.561958
1.550431
1.632115
1.183701
1.736012
1.759761
1.469137
1.390589
1.328761
1.263077
1.717502
1.429221
1.325737
1.29069
1.997797
1.789211
1.776087
1.747143
1.730317
1.135502
1.214872
1.824479
1.489353
1.625336
1.261719
1.452915
1.436327
1.134893
1.446525
1.980772
2.052927
1.472425
1.546313
1.098297
1.410486
1.994875
1.563723
1.13315
1.533188
1.462626
1.209514
1.515475
1.541674
1.653081
1.645171
1.807864
1.646942
1.840376
1.794382
1.523595
1.408498
1.184833
1.579454
1.359975
1.620477
1.41268
1.718257
1.875012
1.354317
1.735289
1.667391
1.384769
1.893702
0.9840138
1.24551
1.615477
1.68747
1.441847
1.483209
1.163849
1.237251
1.569801
1.792804
2.186584
1.451329
1.367024
1.541108
1.448352
1.727022
1.217584
1.58046
1.496007
1.672971
1.35101
1.754656
1.900927
1.366645
1.350837
1.616272
1.409059
1.315632
1.649002
1.443072
1.177854
1.316797
1.511069
1.537885
1.689833
1.387675
1.38585
1.293806
1.586431
2.01797
1.578494
1.531066
1.896886
1.773439
1.328473
1.395452
1.851609
1.228732
1.233251
1.701561
1.733846
1.37444
1.36511
1.428252
1.879526
1.110745
1.268968
1.713181
1.693874
1.316909
1.140255
1.628934
2.173249
1.876505
1.907202
0.9968707
1.35682
2.402756
1.104101
1.949042
1.077204
1.296821
2.093378
1.745103
1.172523
1.615569
1.264295
1.308769
1.568708
1.39713
1.74242
1.498645
1.654869
1.393316
1.559625
1.721108
1.313938
1.68011
1.620977
1.495852
1.301481
1.42047
1.325438
1.521439
1.779378
1.650862
1.677516
1.553265
1.327384
1.132296
1.509899
1.499578
1.46384
1.309677
1.535776
1.560975
1.535328
1.419307
1.146509
1.341722
2.00431
1.415502
1.853329
1.490521
1.408689
1.389321
1.779848
1.558278
1.283165
1.616212
1.507571
2.494987
1.554592
2.027617
1.64355
1.231842
1.464783
1.512011
1.154423
1.875574
2.234547
1.366152
1.503501
1.386832
1.63117
1.184459
2.058452
1.453631
1.935063
1.493508
1.515824
1.654317
1.491945
1.816924
1.219012
1.333628
1.516115
1.635346
1.853298
1.188048
1.298023
1.355507
1.811867
2.030536
1.702854
1.49727
1.422827
1.328923
1.557707
1.630224
1.421265
1.828802
1.379944
1.54056
1.316017
1.746631
1.308522
1.865403
1.207822
1.553683
1.259169
1.352631
1.262746
1.548997
1.67817
1.391292
1.558106
1.29196
1.301878
1.860054
1.158414
1.406771
1.415174
1.740005
1.489514
1.607299
1.686535
1.36066
1.739982
1.698718
1.60663
1.438013
1.552306
1.536064
1.277555
1.662784
1.239023
1.704736
1.345954
1.216882
1.382948
1.774877
1.465797
1.668305
1.526592
1.571909
1.481774
1.691488
1.864656
1.42225
1.672486
1.572923
2.034933
1.239435
1.158025
1.445146
1.554029
1.538013
1.494853
2.037669
1.360406
1.666232
1.689677
1.75601
1.872668
1.084544
1.393555
1.302605
1.733186
1.551584
1.713647
1.793021
1.268885
1.812931
1.711583
1.877692
1.42882
1.524313
1.662224
1.513306
1.5609
1.554893
1.373133
1.200255
1.646289
1.311986
1.600231
1.298602
1.750548
1.449483
