2.177528
1.777325
1.818696
2.019451
1.816721
1.857279
1.665334
1.603755
1.570516
1.610544
1.647031
1.680005
1.736788
1.486834
1.714723
1.57814
1.52615
1.635095
1.862278
1.734684
1.933497
1.683302
1.668618
1.31745
1.549215
1.352581
1.422684
1.616227
1.597038
1.430767
1.539616
1.824279
1.948887
1.816806
1.734885
1.519987
1.433871
1.400297
1.562865
1.577009
1.593531
1.571547
1.628906
1.477236
1.859311
1.674414
1.565176
1.62011
1.535395
1.537869
1.684659
1.562772
1.353618
1.311047
1.525321
1.83008
2.010897
1.708546
1.63073
1.851104
2.167712
2.048851
1.890801
2.148112
1.965795
1.633346
1.490368
2.014781
1.871662
1.704707
1.320276
1.750108
1.74326
1.607718
1.521316
1.523455
1.442099
1.487724
1.319281
1.763484
1.889676
2.032556
1.768274
1.631298
1.792229
1.398425
1.405987
1.401062
1.605229
1.781669
1.789813
1.903841
1.985672
1.980445
1.435061
1.362729
1.554857
1.976779
1.731368
1.906667
1.766402
1.683849
1.574071
1.785105
2.030297
2.29843
2.067057
1.852651
1.684704
1.753095
1.737247
1.967827
1.747268
1.762364
1.819051
2.198243
1.945604
1.697506
1.481759
1.508901
1.460082
1.850263
1.548731
1.671037
1.459923
1.544265
1.672343
1.489051
1.649361
1.99161
2.027517
1.884845
1.801122
1.739848
1.622819
1.469664
1.509609
1.837693
1.552024
1.622733
1.408656
1.761633
1.632941
1.558501
1.362233
1.282235
1.377917
1.549523
1.833197
1.552803
1.524954
1.704885
1.843441
1.618153
1.680118
1.769952
1.534359
1.717773
1.569708
1.817499
1.714675
1.76682
2.076601
2.154058
2.111014
1.899162
1.789579
1.816926
1.661635
1.609786
1.512481
1.709969
1.735801
1.795216
1.960636
1.879892
1.813423
1.438174
1.685387
1.669893
1.888202
1.887824
2.068393
1.70763
1.716218
1.894184
1.54646
1.712065
1.833446
1.866477
2.007315
2.063815
1.545651
1.721465
1.873347
1.75192
2.014716
1.884803
1.938287
1.871179
1.609184
1.818657
1.70245
1.648233
1.745293
1.722297
1.854847
1.875156
1.526023
1.529126
1.677304
1.584508
1.562306
1.636833
1.528663
1.576098
1.480844
1.444279
1.638281
1.714516
1.53086
1.59969
1.539253
1.487634
1.6438
1.788669
1.940951
1.682216
1.642856
1.87913
1.901239
1.938411
1.439434
1.503182
1.555504
1.632837
1.604413
1.672736
1.731699
1.671199
1.888256
2.019517
2.024287
1.914104
1.637175
1.465814
1.559749
1.665099
1.577419
1.759451
1.510048
1.462576
1.591829
1.55826
1.736652
1.671869
1.598052
1.691136
1.38743
1.50362
1.825075
2.059388
1.799284
1.677734
1.638456
1.759529
1.577224
1.846196
1.695483
1.755976
1.72695
1.744667
1.71097
1.942458
1.76445
1.671996
1.81338
1.59275
1.692348
1.692082
1.632514
1.441042
1.458492
1.546625
1.543524
1.617837
1.452269
1.505032
1.615396
1.787822
1.984115
1.859097
1.705633
1.816389
2.14685
2.047007
1.711757
1.728399
1.463131
1.693424
2.010395
1.95299
1.828324
1.979158
2.10917
1.813276
1.871118
1.587224
1.896415
1.795462
1.597737
1.457116
1.77649
1.751177
1.877213
1.796741
1.552067
1.547854
1.350257
1.400931
1.762502
1.451165
1.260654
1.521931
1.442198
1.615256
1.818323
1.88694
2.125224
1.786977
1.880545
1.576239
1.664189
1.523616
1.553458
1.381337
1.667599
1.619962
1.466301
1.62047
1.390238
1.507883
1.584253
1.803072
1.86773
2.076997
2.109941
1.997901
1.482974
1.86527
1.807311
1.755162
1.648105
1.928024
1.543756
1.494883
1.637132
1.611659
1.920602
1.962319
2.014249
2.249365
2.066385
2.167024
1.80007
1.537029
1.533545
1.821932
1.519008
1.568619
1.465095
1.591026
1.639401
1.599903
1.669341
1.729576
1.887969
1.788117
1.961033
1.6855
1.571647
1.615019
2.11724
2.150528
1.933753
1.826786
1.8135
2.031223
1.980964
1.81003
1.676803
1.604146
1.697219
1.820239
1.764727
2.006635
2.007693
1.948405
1.811771
1.909812
1.995476
1.747234
1.732252
1.637288
1.320141
1.657927
1.54774
1.826198
1.493149
1.67551
1.71357
1.551161
1.384374
1.324551
1.37732
1.21071
1.634908
1.59616
1.910359
1.901811
1.583583
1.506789
1.577557
1.486086
1.837182
1.949749
1.92206
1.812663
2.040069
1.918848
1.96586
1.963991
2.010028
1.750982
2.012241
2.157818
1.834321
1.765003
1.744736
1.777163
1.586158
2.227044
2.143728
1.873425
2.128235
1.708607
1.915972
1.650499
1.738384
1.740662
1.669805
1.677289
1.732566
1.973862
1.660705
1.641999
1.550693
1.768235
1.897162
1.927661
1.801047
1.64824
1.801352
1.627422
1.700746
1.630287
1.844252
1.876707
1.651547
1.584354
1.619797
1.734566
1.663461
1.597409
1.736744
1.702603
1.841108
2.006015
1.545918
1.567853
1.804249
1.61094
1.59699
1.85431
1.721139
1.903197
1.988957
1.73349
1.661724
1.692982
1.63571
1.631772
1.643239
1.981202
2.065435
1.774467
1.59006
1.769309
1.566007
1.58987
1.639138
1.508959
1.608418
1.540022
1.868429
1.768467
1.714875
1.611866
1.632569
1.741161
1.714867
1.635914
1.57647
1.509527
1.431818
1.483134
1.615344
1.555015
1.626542
1.729256
1.838004
1.807786
1.842493
2.11238
1.675795
1.829321
1.770969
1.824991
1.947248
2.066755
1.723357
1.93857
1.720158
1.830607
1.671057
1.666428
1.729936
1.647245
1.731047
1.602744
1.574467
1.511047
1.440758
1.57294
1.718965
1.646698
1.832036
1.91827
1.832974
1.520103
1.674128
1.654414
1.432929
1.495848
1.51184
1.575879
1.460232
1.483219
1.740944
1.73788
1.839554
1.538749
1.543311
1.628708
1.501304
1.633114
1.632127
1.688628
1.673845
1.520624
1.512903
1.451631
1.41616
1.683037
1.734893
1.764551
1.859707
1.981214
1.719702
1.687976
1.577758
1.765427
1.689054
1.675306
1.487764
1.718452
1.786088
1.807095
1.617382
1.48466
1.595616
1.670002
1.703034
1.50448
1.526149
1.766785
1.85536
1.774824
1.634636
1.655608
1.703382
1.771663
1.73077
1.945838
1.890929
1.803757
1.9938
1.637721
1.597696
1.563302
1.745031
1.913442
1.630012
1.655668
1.312133
1.434368
1.852033
1.614389
1.351892
1.515336
1.539056
1.931405
2.160741
1.677364
1.500531
1.443777
1.360502
1.325488
1.636794
1.935286
2.046731
1.971406
2.27452
1.557732
1.509405
1.466876
1.369864
1.266451
1.430278
1.543147
1.738093
1.758209
1.729134
1.892183
1.828989
1.829228
1.97799
1.708556
1.382052
1.510047
1.575508
1.545777
1.852341
1.65987
2.013163
1.729505
1.891178
1.873647
1.672969
1.581162
1.664607
1.587989
1.56226
1.569817
1.686576
1.562675
1.733637
1.609951
1.777628
1.921598
1.573042
1.643844
1.620654
1.868891
1.792019
1.924181
1.818494
1.791819
1.849824
1.841973
1.651314
1.624876
1.506198
1.420472
1.713275
1.560893
1.776981
1.661393
1.571005
1.674376
1.775967
1.744199
2.095236
1.972691
1.642268
1.729846
1.964611
2.056007
1.985183
1.835711
1.921798
1.776835
1.68646
1.559554
1.954494
2.051636
1.686469
1.980901
1.861369
1.677438
1.778206
1.578305
1.699174
2.023462
1.765749
1.477894
1.551907
1.390613
1.637513
1.623712
1.555415
1.583606
1.678941
1.876041
1.807175
1.542468
1.353778
1.145
1.324712
1.603913
1.26252
1.290209
1.260804
1.366691
1.543731
1.770011
1.732508
1.867791
1.596327
1.51997
1.527127
1.484517
1.656395
1.598425
1.57581
1.65902
1.695592
1.664584
1.794924
1.624328
1.373999
1.56023
1.62714
1.71882
1.678991
1.525029
1.499897
1.487505
1.432415
1.475103
1.532633
1.68227
1.861373
1.802501
1.697078
1.688969
1.883777
2.079433
1.874695
1.713494
1.347249
1.386775
1.401713
1.60855
1.69568
1.712542
1.4875
1.781711
1.60316
1.815367
1.641447
1.520387
1.658196
1.822636
1.805822
1.639094
1.352559
1.407734
1.638606
1.557923
1.637777
1.571356
1.777297
1.83455
1.801969
1.745233
1.690199
1.927294
1.901647
1.854352
1.5829
1.56615
1.608436
1.569527
1.653223
1.548912
1.641379
1.8116
1.750535
1.83806
1.463854
1.42851
1.624391
1.538088
1.471181
1.626252
1.732469
1.731036
1.713419
1.598882
1.695601
1.4462
1.594456
1.577868
1.481161
1.661477
1.756622
1.713043
1.859399
1.649781
1.867506
1.705296
1.666587
1.915518
2.070943
1.974766
1.777198
1.774763
1.76117
1.388413
1.840425
1.867606
1.620222
1.616074
1.452357
1.645456
1.711696
1.99377
2.085305
1.999686
1.854787
1.755456
1.584309
1.914971
2.096775
2.114492
1.79725
1.477044
1.275028
1.308451
1.344359
1.393681
1.511191
1.427874
1.569376
1.580726
1.797567
1.569047
1.237296
1.531792
1.651534
1.734668
1.716701
1.470131
1.448099
1.575202
1.610042
1.867757
1.688474
1.935473
1.590918
1.55479
1.584623
1.847218
1.640909
1.513295
1.426089
1.340896
1.673627
1.759246
1.519497
1.430111
1.58792
1.506636
1.302735
1.685375
1.821796
1.694584
2.119374
2.036948
1.866877
1.77221
1.799031
1.848132
1.814778
1.464008
1.56244
1.717863
1.677362
1.795453
1.845528
1.807714
1.625511
1.746422
1.926779
2.029872
2.174301
1.995073
1.993647
1.932528
2.146592
2.139066
1.713532
1.55889
1.635523
1.549105
1.802537
1.523744
1.636322
1.774063
1.463992
1.593315
1.513207
1.352597
1.858984
1.590617
1.61201
1.464369
1.5805
1.63953
1.606257
1.47023
1.744859
1.71465
1.87059
1.735451
1.696358
1.578315
1.652961
1.693798
1.761033
1.699958
1.589367
2.132956
1.851077
1.868386
2.137343
1.814966
1.67618
1.660814
1.429252
1.562329
1.614496
1.755946
2.010024
1.738641
1.549841
1.758798
1.598022
1.411357
1.679241
1.502695
1.623381
1.692924
1.663569
1.710673
1.672623
1.686713
1.622824
1.803453
1.846911
1.545564
1.249249
1.521103
1.493101
1.54379
1.836478
1.839299
1.940479
1.893567
1.737252
1.791875
2.092983
1.827786
1.552646
1.907515
1.965856
1.805666
1.753182
1.931537
1.84134
1.973009
1.755361
1.46618
1.509018
1.604325
1.629866
1.852169
2.024847
1.712684
1.579982
1.644971
1.780278
1.87585
1.993294
1.880424
1.641323
1.765007
1.574167
1.288146
1.638184
1.929668
1.934437
1.917481
2.025151
1.871072
1.705915
1.661695
1.828928
1.61781
1.834678
1.569533
1.810984
1.883196
1.786837
1.714002
1.883281
1.775536
1.701529
1.634941
1.851368
2.029339
1.659105
1.939676
1.817538
1.653447
1.824162
1.759445
1.741449
1.661301
1.840904
1.852276
1.567603
1.669625
1.65462
1.862398
1.631826
1.816303
1.763109
1.820948
1.594647
1.563631
1.414898
1.737446
1.756077
1.766116
2.273578
2.168159
1.963828
1.626879
1.590302
1.984301
1.853972
1.856386
1.976058
1.652326
1.64106
1.565304
1.687534
1.503101
1.474894
1.58395
1.369153
1.595485
1.757208
1.880867
1.911621
1.581302
1.877373
1.652532
1.491507
1.512214
1.382912
1.601757
1.762546
1.579313
1.611396
1.929057
1.697079
1.722337
1.922757
2.166428
1.985114
1.902952
1.996425
1.900158
1.904715
1.682988
1.860168
1.89499
1.960956
1.981151
1.692623
1.947607
1.684476
1.569111
1.647421
1.6569
1.855237
1.49411
1.612808
1.42616
1.301679
1.599905
1.439257
1.815038
1.755795
1.802234
1.555271
1.883273
1.684592
1.668726
1.502343
1.853931
1.671898
1.765179
1.967011
1.513409
1.520715
1.597378
1.615827
1.814047
2.069968
2.047406
1.917749
2.060283
1.73095
1.755614
1.661429
1.656448
1.970941
1.926873
1.748038
1.576382
1.625778
1.320943
1.58016
1.80128
2.063352
1.510904
1.602777
1.640204
1.472462
1.554371
1.512041
1.468935
1.563272
1.713023
1.620906
1.630079
1.483363
1.771824
1.816898
1.367057
1.561664
1.657513
1.80506
1.603954
1.531617
1.732411
1.592287
1.592902
1.642614
1.451986
1.43597
1.374813
1.497185
1.734297
1.678646
1.814426
1.757587
1.479992
1.651488
1.894975
2.008316
1.87664
1.930684
2.035189
1.689622
1.814898
