6.547107
5.208305
17.40733
6.134869
6.354012
5.248335
5.303661
8.668214
32.99204
14.58512
15.4281
10.4715
3.399631
12.69096
12.76559
7.757139
9.450375
9.069944
8.33412
7.524318
11.51392
11.65865
13.6913
7.710809
6.429094
6.640357
6.767967
7.055757
7.614141
5.600826
6.605874
26.52639
5.701791
7.761687
8.922097
9.533182
9.160262
10.16731
7.46143
10.34465
5.101592
7.642376
10.76085
8.180148
4.90931
9.51571
6.1641
5.771475
9.291506
11.15684
9.713943
13.7435
5.915291
13.97673
7.305506
22.71417
5.254286
7.666235
14.1203
14.36057
6.990286
11.13004
5.465146
7.273118
5.1783
8.319459
7.203222
15.59515
4.79682
4.673445
8.090814
7.328051
5.711027
9.410027
12.3282
10.9796
8.379339
7.511618
10.13074
24.97863
10.61129
6.129455
8.609558
11.20189
7.306259
9.000748
6.75662
9.562893
11.49709
15.78908
4.620263
6.793289
9.54084
9.318414
14.64726
6.467367
9.504839
10.84263
8.999927
5.155251
5.476886
9.96224
4.60146
11.58574
7.061087
12.87859
10.43789
10.40121
13.695
7.574692
6.055483
6.78161
8.259128
8.648221
5.06364
8.036707
5.031164
5.42186
7.349217
6.320581
7.427648
11.76949
7.697549
8.068626
15.22504
6.142616
8.757223
8.528769
13.98264
5.923347
6.389298
12.33866
13.0351
4.874787
14.79287
9.294156
11.07552
4.642084
10.22131
12.53929
6.974682
7.416229
7.832073
7.746464
15.38022
7.060682
13.97812
8.576282
7.060436
9.654613
6.8643
9.719871
10.83332
7.63952
8.73001
5.538723
9.220201
7.83782
9.062592
7.288786
8.690574
6.941998
13.67378
8.777324
8.76886
9.945431
8.74212
7.126955
11.64352
6.656402
9.889329
8.705494
7.758612
13.24974
7.644013
6.372519
6.532962
6.959122
21.48757
12.065
5.145478
10.45471
18.46311
8.010841
7.549158
6.742073
8.816281
9.561988
6.797606
6.361113
11.08155
11.47181
8.179195
12.15975
7.835771
9.185768
5.848089
6.816527
8.998561
13.74622
7.071825
12.50086
4.714214
9.374705
7.823429
11.53315
7.440592
16.1662
10.08022
4.903155
13.56614
7.102255
8.013852
7.279172
19.78965
9.274744
12.4209
9.271994
5.703965
9.157766
5.874928
6.607493
7.820198
10.22607
4.404379
4.980381
8.4671
11.05179
5.653946
5.340056
13.81072
7.552502
8.841263
10.72216
8.369999
5.384681
10.75009
13.5396
10.60099
10.29244
5.725213
8.876437
7.026563
9.29901
10.49522
4.271078
5.336614
6.751284
5.420936
7.86503
8.219768
12.63614
9.323244
7.19584
12.43406
11.07202
8.890322
9.991245
11.52571
12.41893
6.516418
6.946602
8.847047
4.567173
18.2876
12.47139
3.712264
6.737939
5.970835
7.87291
4.736582
8.973183
9.272619
12.7533
7.264953
18.03138
8.242892
7.796646
7.362066
12.24843
7.4312
5.487189
5.685871
9.4886
9.87963
10.57534
12.44536
7.754572
5.815255
11.59104
6.730656
4.995161
5.214533
7.583766
4.659815
7.313125
7.05956
6.447095
6.082087
8.480575
7.400678
5.326959
5.609266
8.988038
15.53772
6.568405
14.8204
15.26456
8.636499
8.975528
11.41936
9.078408
6.270698
7.817321
8.368971
31.61348
5.083688
6.068275
11.44007
15.74633
10.45967
12.51716
7.667377
4.178904
10.18276
4.536602
11.38345
12.44664
7.683245
7.860593
7.223307
14.69208
7.538765
8.911244
10.63624
8.81534
6.970562
6.907351
6.363164
4.888722
8.847379
7.844672
12.48705
4.487607
6.358773
12.22686
7.345846
3.667572
9.940906
9.434172
15.91681
7.881135
8.702505
7.697547
4.273827
8.887919
7.070541
11.73654
10.58523
12.22787
5.473235
7.321325
6.709018
9.851564
8.160659
9.756018
13.62201
5.908567
8.105914
8.379932
6.950502
7.607372
4.043786
7.53267
8.301776
14.51135
7.999948
6.404074
5.948781
6.014143
9.743616
4.91163
5.389764
10.03591
8.37118
7.741033
9.059839
7.125446
8.735232
10.00454
10.76339
7.953662
6.551798
11.54307
6.838616
5.032046
8.376633
8.874193
7.152035
6.899909
5.683637
9.01278
5.86269
7.56102
6.998668
12.0933
7.754277
8.559803
8.732501
8.120016
5.486409
10.41989
9.214766
11.10964
8.50053
12.47949
13.12038
4.628868
9.50449
9.329482
5.193723
7.205632
3.253814
9.032595
6.687763
9.917934
10.27925
8.08585
7.121467
7.944182
9.890213
4.167315
16.50604
8.029324
19.17667
10.8085
6.591771
13.4471
7.684505
6.142646
9.02881
4.05236
7.842042
7.282696
6.597027
13.46613
9.328135
12.0109
9.401965
6.003231
18.74678
9.01917
6.371675
7.227667
14.34083
7.537023
4.359491
8.015108
7.876823
16.53702
7.025195
7.436728
12.39047
10.98813
5.135691
8.980976
6.739436
7.884367
7.048862
11.57929
6.285477
12.23009
8.071615
10.12194
15.30528
7.239955
9.787574
12.33426
8.344381
8.027483
6.900232
10.83348
10.41338
6.149341
12.6101
23.00874
6.257179
5.750055
13.79244
9.740271
10.41103
7.242764
6.962766
7.938551
7.520687
6.588301
6.506659
6.632427
7.249272
3.510271
6.178523
4.905756
7.724173
10.15743
8.769689
7.877192
11.47708
7.220414
9.667046
7.966858
9.285871
9.499049
11.85764
9.783005
4.601477
9.873558
7.138133
8.470889
13.05381
11.6045
7.635636
9.320684
11.65892
5.835648
7.305516
6.301423
8.345716
6.244012
8.132638
7.032577
8.156531
5.902056
12.54018
6.818142
3.559025
12.34013
5.144895
4.952107
7.963182
9.543275
6.937738
12.9477
7.278527
5.751091
15.58797
12.57173
8.641876
8.321565
7.827203
19.13842
10.6152
10.1276
13.83733
8.164556
5.177813
5.533424
5.352269
5.392186
8.130192
10.92658
8.548566
8.874965
6.492866
6.228539
7.360211
9.967902
6.915973
5.570805
9.014073
5.447362
4.811677
6.139205
5.884038
7.831553
12.47927
9.412686
6.74678
7.179107
13.31521
4.821304
7.868209
11.68375
10.80225
16.51081
9.394725
14.15253
7.714578
10.00574
14.89636
9.243123
7.828738
5.256112
13.71661
5.725747
11.32883
6.225193
16.55673
9.244665
5.312201
12.68116
7.086799
9.735104
9.483576
10.0626
9.517138
8.684558
7.730417
4.116995
17.68693
7.0731
5.547537
11.42094
7.043807
7.448583
15.98022
4.657045
4.926988
8.883226
8.329793
7.669745
8.566781
10.57322
6.364464
13.50952
13.21767
9.786194
5.661024
7.768486
7.671475
10.37597
8.922076
9.442011
13.53312
5.213582
5.772812
7.150771
20.54487
10.59669
6.762157
9.511018
15.18488
11.11579
11.82086
9.092649
5.35707
8.046304
8.651418
7.492886
11.8479
4.201455
8.90183
4.136619
12.24832
8.211562
9.410841
6.47084
9.427975
6.956931
12.27515
24.59927
11.53779
6.428668
6.155106
9.272517
11.75407
4.061017
6.775168
10.05617
8.123945
7.357274
9.872266
11.97938
4.749981
5.230001
10.45262
4.230825
5.360548
10.21031
9.931225
6.69749
6.661874
11.19503
8.473317
20.31148
4.974235
11.26796
5.2249
11.76665
20.87122
4.833647
4.814708
6.276633
4.732028
6.148274
8.026615
10.17829
18.16549
10.48515
4.5113
6.574596
5.528932
7.879634
4.395009
12.51301
8.06012
8.139997
11.04374
11.55617
5.5274
8.32445
9.373641
12.71373
12.83262
9.457335
5.891719
3.960746
15.08583
4.588682
5.467861
10.7177
8.268996
10.03757
8.315711
6.738179
7.894776
5.834584
6.281434
10.34779
11.09001
4.654971
16.33002
12.10908
9.210646
32.94564
11.40555
10.50183
5.075392
8.084316
12.3341
17.1077
10.2702
7.833156
5.247745
5.441323
8.331792
5.827962
6.875058
9.725728
8.869074
6.717534
10.99724
10.2771
7.646139
8.841996
8.734192
13.46595
12.7346
14.3867
6.509784
4.504651
9.683133
9.2556
12.47644
10.26157
6.758788
6.469333
8.981213
7.243644
3.886521
8.128082
4.958944
6.034836
12.02726
6.352114
10.67487
3.869906
9.913082
43.15726
9.018975
4.17323
14.7446
4.118924
12.68291
9.905258
10.69289
4.516251
6.745773
11.53822
7.492657
6.072672
5.914667
9.794157
5.908426
6.343656
7.380953
17.04939
7.9933
10.48749
12.48784
6.44001
7.176744
8.630426
9.488008
17.25446
6.618275
15.56502
7.725112
6.704699
5.931282
9.675884
10.91226
8.484596
9.12404
8.162532
9.889733
16.45475
9.536574
7.492252
5.979346
8.161069
11.24249
8.638931
7.713175
5.493983
11.92172
20.06519
11.28536
4.646143
5.272373
12.21714
7.524943
8.159227
6.659686
10.11327
7.831935
8.685823
7.797911
10.98538
7.669175
4.318701
4.25964
5.646135
7.551797
8.314513
12.80774
13.40662
5.604846
7.303798
6.678591
7.613628
7.773789
10.11184
11.25531
6.678758
7.519589
5.244704
4.949232
7.523651
8.987933
8.067636
6.277721
19.47154
8.66652
9.80521
8.102672
7.967243
6.813152
6.972529
9.709187
7.893565
7.841477
7.867504
5.601831
23.04932
7.385304
7.257368
8.054215
12.29084
5.266122
29.57142
7.445576
12.46756
6.856328
9.285941
7.677673
9.436119
6.04112
10.36251
13.56107
5.108291
4.995226
13.94491
7.378555
14.49061
8.28998
4.200799
11.38249
11.6231
10.8925
5.377383
5.859172
9.573797
7.200288
9.076537
8.435562
6.74029
7.460943
6.678525
12.45835
10.40811
10.66967
10.88721
7.762811
10.78243
5.132504
13.21932
8.196238
13.14148
13.52014
6.500576
10.94969
7.118559
15.91921
4.906443
5.157422
6.032618
9.699212
9.337846
5.706556
7.895179
8.141552
7.547871
6.394165
11.09777
7.03437
12.87575
3.505883
9.219172
9.556501
9.499523
12.23418
5.878201
6.632533
9.391596
8.781349
10.8142
8.601644
4.117398
8.42495
6.24768
14.75652
9.084798
8.687599
4.693252
6.359128
7.865784
13.93442
9.973125
8.030873
8.947699
5.382261
6.501881
8.897215
12.02237
9.800731
5.876881
12.05324
14.92486
9.528617
6.387644
5.20647
7.575214
8.429588
5.924883
9.486485
7.729657
17.27985
13.3432
9.741395
11.34694
5.090934
12.3261
5.248328
10.47106
7.964113
4.791968
7.238647
11.93249
4.436329
5.756866
9.572296
6.275426
7.151856
4.290307
6.242472
5.309916
13.34745
12.0397
3.735518
10.1526
5.572283
10.96252
13.0635
9.745613
7.807664
17.7904
7.761025
7.711472
8.65145
7.703497
10.7395
6.270469
10.83169
9.299845
8.699367
7.483316
11.27584
4.814461
13.65347
7.235688
7.556824
4.788829
9.788552
4.919729
6.786343
6.177621
10.74989
7.723093
11.91036
7.323628
8.547223
8.835766
8.257988
7.534446
4.221046
6.550168
8.813181
10.71729
12.3146
8.524791
5.820763
7.991094
4.26567
6.650074
8.181127
6.333771
10.73632
7.066948
11.93729
6.359843
10.32763
6.190448
5.360902
6.512399
12.26454
3.393983
7.653202
22.60875
9.87812
7.71254
7.819016
4.969415
8.283729
6.71995
10.23229
7.993024
12.52217
10.02586
11.27788
5.319704
7.902304
4.906267
7.462165
11.54794
7.427966
6.015902
7.165168
7.924573
21.74693
14.20328
11.78429
10.24809
4.841963
8.333137
9.104773
13.9072
15.25381
10.70028
6.647602
6.957304
7.848705
3.634798
8.023396
8.137089
9.766527
12.13777
5.310924
11.14877
11.08015
6.306971
9.455866
10.36046
13.85157
5.088535
12.12366
9.751621
7.293146
7.289522
7.62687
6.925941
8.676927
5.434009
7.330444
10.75309
13.12391
12.61789
4.26151
13.84372
6.40951
6.257052
7.62775
11.05092
9.206827
6.150003
11.82724
4.832577
5.428093
4.938927
11.45982
6.212888
12.23734
7.245889
17.2295
7.508373
16.3727
6.138209
10.25984
6.472211
7.81664
16.42404
9.915244
6.318488
12.05927
10.37474
8.349103
6.056829
8.517026
5.320183
6.845409
7.055259
8.390562
6.303024
11.77134
6.583073
4.515955
6.795279
4.718602
6.51829
5.186371
8.825661
6.86027
10.6721
5.185839
6.577365
4.007698
10.09953
6.760519
7.412328
15.14808
7.680183
12.27282
10.26932
6.388352
8.263492
3.243861
7.043659
8.006844
7.194998
11.08301
7.337256
6.348588
10.6062
8.675139
12.01806
8.03593
13.37677
7.840928
9.724532
7.942453
10.09213
5.576549
7.212088
6.843558
11.18418
20.51372
9.987418
6.370706
12.51089
28.038
9.969223
