1.253324
1.29417
1.431115
1.501375
1.255757
1.189026
1.428079
1.491809
1.529522
1.65299
1.475842
1.54413
1.661916
1.30223
1.43137
1.39061
1.953463
1.862489
1.615954
1.826659
1.542836
1.770128
1.918885
1.453
1.674905
1.389364
1.518791
1.147246
1.851754
1.24637
1.67952
1.320476
1.574064
1.359513
1.738838
1.66665
1.577063
1.601215
1.445429
1.303686
1.421192
1.432325
1.308854
1.476946
1.277802
1.475576
1.253532
1.100723
1.700383
1.092916
1.631685
1.262077
1.824103
1.537934
1.362847
1.190151
1.93969
1.468653
1.57987
1.376545
1.667373
1.452276
1.295015
1.641889
1.709649
1.504337
1.53555
1.461862
1.548867
1.446987
1.493726
1.752034
1.656486
1.46065
1.735489
1.505387
1.237821
1.189258
1.652286
1.345824
1.669605
2.472204
1.434313
1.4602
1.772902
0.9880296
1.464082
1.474977
1.776809
1.602653
2.012969
1.402443
1.54255
1.738773
1.185247
1.633152
1.483297
1.595336
1.635828
1.236489
1.391215
1.600337
1.549449
1.056091
1.870985
1.603631
1.55307
1.733215
1.69506
1.54521
2.064892
1.412067
1.176762
1.158518
1.937016
1.707606
1.437496
1.80374
1.73281
1.334317
1.736767
1.988804
1.452271
0.9795695
1.428276
1.570505
1.456975
1.425156
1.307781
1.402903
1.871895
1.768424
1.5868
1.603366
1.344274
1.922672
1.349761
1.677844
1.08874
1.459115
1.43281
1.709986
1.502825
1.378419
1.421922
1.588053
2.212079
1.397263
1.615309
1.358092
1.826418
1.329603
1.716066
2.175604
1.643051
1.065549
1.530053
1.584347
1.574571
1.653128
1.224754
1.146664
1.722556
1.094875
1.507617
1.16404
1.738346
1.819461
1.573145
1.604554
1.127494
1.240239
1.633364
1.628185
1.731325
1.956356
1.22925
1.707389
1.714929
1.497488
1.270636
1.486465
1.405179
1.185695
1.695809
1.612675
1.440046
1.547724
1.497787
2.124222
1.624434
1.132563
1.391292
1.39949
1.391223
1.383945
1.457386
1.646296
1.427192
1.268936
1.40165
1.995716
1.79462
1.416666
1.438873
1.386678
1.067712
1.212543
1.766523
1.661602
1.786992
1.519671
1.6464
1.397867
1.265956
1.586584
1.707478
1.201327
1.143454
1.372829
1.624284
1.694254
1.822602
1.637511
0.9167896
1.585831
1.67359
1.796635
1.419375
1.634368
1.706613
1.649456
1.852509
1.603943
1.920929
1.687809
1.661628
1.679053
1.210515
1.357873
1.311495
1.590806
1.529452
1.351007
1.746547
1.269131
1.538493
1.798147
1.445038
1.391065
1.960175
1.741544
1.444093
1.319759
1.885208
1.279642
1.239422
1.536203
1.41006
1.382096
1.752843
1.425007
2.213252
1.779566
1.321186
1.407659
1.251841
1.799495
1.762449
1.172949
1.50946
1.111566
1.60729
1.43386
1.427509
1.31353
1.424735
1.250678
1.538475
1.87403
1.428105
1.456774
1.925335
1.821336
1.585542
1.037775
1.70441
1.43476
2.073352
1.498893
1.349987
1.388972
1.574461
1.572295
1.394741
1.32476
1.524065
1.700701
1.069689
1.389395
1.453746
1.735646
1.267585
1.553609
1.416242
1.345398
1.299236
1.627505
1.31027
1.63259
1.545769
1.616189
2.14811
1.210951
1.819098
1.412925
1.546226
1.37917
1.74629
1.64898
2.057575
1.608764
1.225615
1.641528
1.388187
1.411944
1.916789
0.8652171
1.544225
1.478506
1.276266
1.645313
1.769614
1.330696
1.283291
1.84265
1.757327
1.489176
1.322921
1.204512
1.700469
1.543363
1.576291
1.349067
1.344674
1.722474
2.519038
1.336233
1.739974
2.162321
1.186929
1.508913
1.905003
1.449034
1.851783
1.80916
1.429232
1.877382
1.295777
1.897858
1.428936
1.786379
1.19221
1.455176
1.499277
1.525841
1.148053
1.443837
1.584966
1.721609
1.753326
1.657757
1.39377
1.418737
1.566609
1.661746
1.42824
1.90882
1.886401
1.493719
1.168603
1.24935
1.639583
1.29712
1.907727
1.657763
1.791925
1.920063
1.411674
1.568705
1.365097
1.428312
2.040469
2.525024
1.453056
1.252853
1.351147
1.470868
1.738192
1.72407
1.790695
1.783877
1.736989
1.344435
1.963949
1.620639
1.521275
1.542095
1.533665
1.862658
1.293022
1.486851
1.936226
1.929261
1.490673
1.141859
1.559883
1.594152
1.582792
1.790676
1.6406
1.516302
1.568275
1.441878
1.189916
1.658632
1.208321
1.142377
1.270122
1.579683
1.246094
1.496371
2.036583
1.65956
1.468223
1.261587
1.328095
1.2754
1.449069
1.736551
1.69038
2.074047
1.398589
1.407285
1.169119
1.464388
1.688081
1.451996
1.304803
1.347745
1.185663
1.811584
1.507691
2.22733
1.483975
1.381181
1.389593
1.45152
1.211233
1.657531
1.732297
1.635425
1.396861
1.619173
1.982907
1.074132
1.369996
1.295613
1.499208
1.484334
1.482488
1.491352
1.487944
1.548338
1.276309
1.490181
2.252902
1.734224
1.908185
1.995107
1.607717
1.721959
1.337412
1.48225
1.214014
1.540631
1.548375
1.860577
1.779181
1.487328
1.917214
1.550444
1.293764
1.244893
1.899109
1.581295
1.29531
1.126176
1.269054
1.539595
1.818093
1.713425
1.594655
1.67181
1.458748
1.849395
1.981246
1.939952
1.883173
1.77072
1.605514
1.954205
1.34743
1.256362
1.430561
1.36712
1.285033
1.641222
1.418658
1.108543
1.618627
1.215406
1.949771
1.796011
1.777578
1.448218
1.374634
1.84567
1.469904
1.375769
1.454878
1.590603
1.863463
1.390813
1.784861
1.354419
1.348979
2.043096
1.392387
1.303864
1.978194
1.426625
1.495024
2.104242
1.30097
1.88834
1.493727
1.462519
1.311301
1.485663
1.596705
1.494614
1.728319
1.654355
1.868363
1.637336
1.563731
1.647495
1.441829
2.230088
1.606455
1.094903
1.103117
1.620125
1.388931
1.741628
1.564527
1.412736
1.226187
1.628301
1.982559
1.208572
1.550786
1.652235
1.535031
1.258951
1.523635
1.993326
1.488297
1.530492
1.301793
1.388833
1.204294
1.267908
1.48815
1.500826
1.428384
1.251208
1.333198
1.515938
1.479019
1.77059
1.188651
1.620457
1.529702
1.260034
1.515846
1.573448
1.381578
1.761078
1.623974
2.604351
1.680357
1.41189
1.306314
1.682141
1.049414
1.46344
1.132096
1.407988
1.424456
1.798116
1.886546
1.253714
1.257588
1.450584
1.894359
1.614902
1.210705
1.518802
2.020099
1.794415
1.290799
1.718019
1.227613
1.224228
1.501357
1.903883
1.760435
1.500453
1.962296
1.622299
1.510896
2.137976
1.630364
1.085677
1.25054
1.224313
1.235079
1.386352
1.500484
1.394937
1.180263
1.302269
1.743116
1.613363
1.788186
1.375327
1.806342
1.562134
1.479107
1.17846
1.623955
1.882232
1.095961
1.62501
1.467578
1.285456
1.408504
1.806609
1.740219
1.702178
1.246761
1.654513
1.203514
1.477287
1.806081
2.311655
1.396651
1.387813
1.011399
1.171902
1.656578
1.578599
1.576384
1.502944
1.525795
1.713434
1.493716
1.334397
1.840344
1.420989
1.671957
1.652714
1.562791
1.719005
1.177746
1.380055
1.489915
1.589951
1.592634
1.323812
1.286838
1.196401
1.859512
1.579321
1.347653
1.04752
1.962073
1.891589
1.724182
1.432877
1.572367
1.775499
1.45336
1.683554
1.230473
1.544416
1.879182
1.343374
1.513664
1.781192
2.042584
1.810359
1.161414
1.341293
1.433206
1.442078
1.677266
1.454783
1.46655
1.930722
1.528501
1.969394
2.085059
1.480254
1.623829
1.304759
1.524482
1.598603
1.727779
1.709067
1.108663
1.179045
1.757382
1.672493
2.10367
1.828443
1.132051
1.158288
1.418204
1.770646
1.942223
1.888113
1.397347
1.207485
1.435883
1.674544
1.146291
1.686982
1.325104
1.475221
1.394891
1.420511
1.739878
1.275279
1.706469
1.472056
1.644428
1.52941
1.942242
1.668375
1.362797
1.503841
1.259749
1.298909
1.334695
1.592207
1.820028
1.574415
1.207543
1.571418
1.365211
1.381684
1.664813
1.322069
1.293362
1.430761
1.62024
1.490545
1.54537
1.426891
0.9685391
1.819606
1.591629
1.516861
2.016395
1.446485
1.664635
1.755812
1.67617
1.793881
1.231565
1.496238
1.463765
1.76649
1.215135
1.33589
1.283157
1.341277
1.650428
1.765809
1.632993
1.650518
1.104581
1.406851
1.744862
1.396149
1.752956
1.659142
1.772422
1.347688
1.455078
1.350539
1.364262
1.596856
1.995004
1.778703
1.076976
1.48391
1.580408
1.348124
1.844078
1.876852
1.603005
1.537637
1.433023
1.825474
1.663767
1.746259
1.52968
1.649826
1.715831
1.479821
1.458993
1.480712
1.528456
1.778682
1.456315
2.221575
1.615276
1.445628
1.354224
1.44706
1.817436
1.507474
1.18695
1.435877
1.145776
2.181145
1.353388
1.764732
1.955675
1.569153
1.443689
1.955519
1.492394
1.8491
1.744762
1.513458
1.438733
1.371193
1.195702
1.686076
1.6833
1.118598
1.723161
1.514988
1.850368
1.728998
1.192655
1.501988
1.530591
1.75328
1.295875
2.001767
1.47994
1.543458
2.082158
1.717559
1.430116
1.590406
1.47439
1.386527
1.26053
1.311279
1.597029
1.842254
1.701481
1.837877
1.673157
1.427493
1.640527
1.621305
1.746024
1.734002
1.803054
2.681743
1.429318
1.822574
1.980162
1.434637
1.875012
1.039804
1.667815
2.134108
1.421259
1.915648
1.905756
1.56995
1.22238
1.496581
1.559981
1.339841
1.960983
2.531549
1.827752
1.765604
1.880316
1.882701
1.671211
1.537402
1.499678
1.788599
2.041707
1.344071
1.369419
1.355227
1.506606
1.833513
1.285239
1.414776
1.837824
1.67518
1.853528
1.585973
1.857961
1.676583
1.364572
1.85074
1.358893
1.583587
1.21917
1.316994
2.171932
1.431076
1.202899
1.624589
1.308841
1.549336
1.696001
1.171724
1.557778
1.805081
1.905272
1.656
1.155657
1.416929
1.33736
1.610161
1.187151
1.600572
1.603301
1.52462
1.797445
2.327738
1.80274
1.43763
1.739413
2.045676
1.400025
1.6504
2.085404
1.853208
1.212517
1.63026
1.612006
1.279294
1.287755
1.297055
1.528206
1.337313
1.514795
1.653848
1.589435
1.47854
1.382273
1.423627
1.543815
1.721098
1.233229
1.419595
1.370574
1.491225
1.619754
1.474345
1.546427
1.884845
1.307865
1.308109
2.778265
1.398684
1.638607
1.742226
1.656671
1.092452
1.42412
1.405865
1.232984
1.707538
1.563109
1.249808
2.015085
1.53087
1.333141
1.461885
1.137681
1.382806
1.429417
1.623927
1.692358
1.638185
1.145746
1.809564
1.110126
1.698601
1.484777
1.380294
1.841184
1.624502
1.157293
1.684726
1.885416
1.445317
1.786079
1.193515
2.370347
1.51994
1.145804
1.347033
1.045775
1.164093
1.343679
2.001069
1.114388
1.411272
1.674884
1.770314
1.276436
1.405229
1.752504
1.594082
1.781759
1.585028
1.726745
1.517454
1.422222
1.197923
1.134658
1.325443
1.586868
1.261969
1.535739
1.701304
1.618998
1.511287
1.566731
1.292651
1.808692
1.202377
1.614932
1.723833
1.440976
1.4246
2.51413
1.168577
1.350081
1.507327
1.44207
1.656501
1.661986
1.548712
1.476165
1.5406
1.816813
1.329945
1.72852
1.326034
1.084609
1.58054
1.532287
2.05925
1.15713
1.766668
1.242174
1.518573
1.403659
1.847256
1.817282
1.639086
1.708452
1.640267
1.245509
1.551155
1.461415
1.502718
2.046671
1.423254
1.486738
1.313528
1.480699
1.789752
1.966364
1.883423
1.58806
1.65029
1.174822
1.482201
1.793102
1.370297
1.477285
1.333711
2.106833
1.511916
1.693942
1.627792
1.49453
1.613266
1.283954
1.526193
1.856415
1.425876
1.596706
1.733877
1.552116
1.345456
1.502136
1.790509
1.732374
1.483357
1.669013
1.533928
1.466416
1.480858
1.832587
1.771878
1.414396
1.507617
1.276491
1.33258
1.18054
1.325439
1.616549
1.767183
1.724981
1.033823
1.549484
1.538482
1.626608
1.43076
1.413656
1.230427
1.406491
1.230704
1.580922
1.64408
1.644995
1.580538
1.077739
1.247474
1.147443
1.491332
1.776348
2.178709
2.508088
1.615129
1.460683
1.504306
1.468173
1.301665
1.26137
1.844411
1.362324
2.249506
1.991954
1.485326
1.799176
1.541453
2.208351
1.399985
1.406323
1.38965
1.342727
1.74574
1.268405
1.594788
1.707216
1.317603
1.61034
1.494753
