9.526899
9.442025
9.578039
9.515449
9.572507
9.476406
9.577839
9.57325
9.55752
9.557579
9.551577
9.566093
9.558662
9.570406
9.537335
9.513442
9.592787
9.52685
9.524378
9.548794
9.567716
9.538376
9.575963
9.565466
9.562839
9.570806
9.586846
9.589785
9.508132
9.532573
9.505162
9.504898
9.525126
9.54067
9.575912
9.627734
9.533126
9.601946
9.557663
9.573605
9.568747
9.487887
9.462801
9.570211
9.576806
9.593809
9.54502
9.568166
9.575338
9.600413
9.616941
9.549412
9.558639
9.560569
9.475207
9.61498
9.576823
9.576669
9.540659
9.57723
9.505874
9.550979
9.581991
9.522554
9.548021
9.485709
9.494906
9.600577
9.481572
9.522633
9.544288
9.574328
9.595931
9.507437
9.52598
9.609708
9.568854
9.54779
9.546239
9.550751
9.521125
9.494114
9.595296
9.576801
9.524817
9.517519
9.503329
9.578584
9.558439
9.555784
9.588941
9.579547
9.566828
9.567895
9.614692
9.520173
9.614537
9.560509
9.545488
9.565245
9.608255
9.527892
9.556848
9.506215
9.565825
9.531286
9.547405
9.570435
9.512662
9.603963
9.547305
9.577774
9.553261
9.538766
9.489024
9.425969
9.555928
9.512004
9.552711
9.581362
9.573848
9.528391
9.57268
9.552834
9.568132
9.543419
9.563502
9.546393
9.517006
9.565148
9.567835
9.575037
9.554078
9.555587
9.525085
9.562849
9.589385
9.559392
9.512122
9.523151
9.568716
9.541762
9.556422
9.579751
9.603486
9.541865
9.546765
9.570008
9.58407
9.44706
9.532385
9.568035
9.579422
9.53683
9.529982
9.542909
9.547906
9.550245
9.632116
9.513821
9.530627
9.533052
9.543737
9.571313
9.546118
9.526822
9.563062
9.52404
9.531744
9.506589
9.561721
9.544094
9.575427
9.558219
9.526141
9.573894
9.489719
9.541253
9.581682
9.533362
9.575516
9.59675
9.54532
9.522941
9.604983
9.622257
9.597283
9.579209
9.622347
9.54042
9.575835
9.578656
9.537822
9.560813
9.554216
9.544716
9.542329
9.631904
9.532585
9.539398
9.568402
9.567785
9.579845
9.580891
9.523863
9.560199
9.535342
9.568213
9.574755
9.53172
9.506618
9.598744
9.519025
9.503691
9.528847
9.490097
9.550434
9.486947
9.539492
9.64989
9.5551
9.537699
9.559143
9.472975
9.580527
9.535055
9.582755
9.542979
9.550689
9.548543
9.502132
9.478481
9.599926
9.521357
9.554439
9.536979
9.578036
9.578844
9.538374
9.521369
9.599015
9.578222
9.530199
9.583537
9.610471
9.590793
9.595283
9.599342
9.522368
9.615847
9.574955
9.594894
9.564461
9.567124
9.528862
9.584084
9.484547
9.527251
9.63218
9.531624
9.521029
9.574996
9.633373
9.636136
9.552584
9.611714
9.518899
9.53505
9.625894
9.583775
9.560513
9.523488
9.590372
9.515578
9.57613
9.579759
9.532417
9.555533
9.521558
9.549361
9.586915
9.569742
9.537615
9.581807
9.634012
9.594308
9.582249
9.553547
9.541278
9.521753
9.497972
9.595991
9.608483
9.609754
9.544667
9.529673
9.549773
9.484674
9.553324
9.614529
9.503652
9.593731
9.566194
9.600167
9.483503
9.49163
9.571652
9.579057
9.57352
9.542363
9.570435
9.528768
9.571283
9.552041
9.553039
9.536643
9.539341
9.604646
9.552971
9.533315
9.539797
9.537633
9.520142
9.577267
9.586349
9.586876
9.538442
9.499252
9.543223
9.507891
9.520715
9.541796
9.564843
9.534964
9.617703
9.533907
9.577777
9.546448
9.586155
9.518442
9.564742
9.52154
9.563421
9.531319
9.56697
9.553
9.520143
9.555762
9.560876
9.567656
9.584122
9.599273
9.57728
9.492514
9.569813
9.571574
9.516287
9.604136
9.563388
9.55266
9.546156
9.562769
9.589765
9.565204
9.532836
9.526615
9.560886
9.560619
9.56068
9.505038
9.546642
9.610143
9.548876
9.532348
9.597654
9.489722
9.601236
9.578333
9.529703
9.53587
9.535842
9.595857
9.574003
9.590736
9.456472
9.569354
9.51911
9.632478
9.54365
9.524881
9.48093
9.514932
9.506094
9.562345
9.579331
9.5931
9.558944
9.519674
9.655494
9.523086
9.495751
9.584372
9.577487
9.603236
9.520193
9.588076
9.538951
9.563913
9.545166
9.544001
9.565454
9.490892
9.522807
9.545784
9.503101
9.528292
9.54453
9.560753
9.551061
9.587592
9.563553
9.503841
9.534282
9.586413
9.560887
9.555044
9.528691
9.599452
9.564293
9.534438
9.602238
9.573886
9.593113
9.554996
9.515418
9.581444
9.550521
9.542386
9.522886
9.484606
9.593037
9.55576
9.572497
9.501525
9.521898
9.53692
9.522745
9.57733
9.567874
9.508274
9.554061
9.583459
9.582345
9.592337
9.539735
9.600732
9.570491
9.551337
9.524923
9.524181
9.521269
9.568521
9.526545
9.618779
9.595543
9.571305
9.582367
9.581183
9.542442
9.604364
9.553674
9.580193
9.550571
9.500391
9.510324
9.498386
9.563388
9.587908
9.563417
9.639098
9.577057
9.562101
9.580859
9.499557
9.473843
9.596222
9.557569
9.485046
9.551855
9.573991
9.587063
9.57262
9.582718
9.524327
9.540447
9.599602
9.553574
9.491007
9.546855
9.521256
9.546293
9.547112
9.636006
9.597181
9.529706
9.521403
9.540403
9.510617
9.54707
9.53363
9.538841
9.542535
9.511929
9.566351
9.544214
9.552187
9.573457
9.564502
9.543854
9.571665
9.552531
9.53868
9.582717
9.537209
9.555245
9.577515
9.641933
9.552031
9.556392
9.553906
9.534891
9.509811
9.577982
9.576028
9.595672
9.598316
9.528429
9.536546
9.565639
9.420554
9.594564
9.511309
9.528921
9.5973
9.597374
9.548357
9.56368
9.548564
9.49164
9.468092
9.576084
9.555237
9.544561
9.59083
9.595071
9.56446
9.524753
9.519075
9.579188
9.507647
9.5475
9.575127
9.563884
9.541836
9.547731
9.543944
9.62262
9.608568
9.515097
9.600495
9.542617
9.562293
9.532357
9.541563
9.455539
9.491043
9.620472
9.567362
9.611931
9.589215
9.560128
9.579247
9.536681
9.546136
9.529883
9.539136
9.528001
9.56062
9.556336
9.577634
9.471665
9.57632
9.542297
9.58763
9.556529
9.560159
9.468301
9.563127
9.576421
9.514963
9.536101
9.558149
9.577233
9.51205
9.515665
9.544043
9.58751
9.516519
9.537334
9.555589
9.558693
9.623541
9.551194
9.553323
9.52086
9.564015
9.511406
9.535892
9.55777
9.579878
9.492558
9.481302
9.517161
9.558168
9.614079
9.584658
9.559432
9.60639
9.539984
9.559595
9.573679
9.561681
9.528404
9.549081
9.559382
9.537762
9.51203
9.615399
9.471574
9.54235
9.520355
9.531838
9.57547
9.547125
9.58544
9.549953
9.522343
9.567867
9.535289
9.62144
9.606595
9.549631
9.543824
9.547286
9.582621
9.490765
9.574238
9.527216
9.559815
9.501393
9.551825
9.580179
9.589281
9.595836
9.517114
9.546198
9.532685
9.529108
9.554252
9.541755
9.56729
9.563097
9.508339
9.503963
9.603218
9.569685
9.550598
9.568493
9.575102
9.542594
9.590366
9.554846
9.591044
9.503682
9.525239
9.546338
9.55622
9.579526
9.50325
9.576431
9.572114
9.577438
9.563165
9.56737
9.48548
9.567522
9.575772
9.518622
9.604495
9.556887
9.616385
9.544907
9.560924
9.551025
9.455835
9.533077
9.590608
9.554847
9.553479
9.549015
9.598672
9.555327
9.585437
9.543994
9.596259
9.579638
9.55994
9.521681
9.515647
9.592124
9.505934
9.563121
9.527403
9.555061
9.5704
9.605461
9.568536
9.547345
9.564581
9.571404
9.563489
9.532874
9.544409
9.60387
9.581876
9.585093
9.544588
9.498954
9.517233
9.507889
9.522264
9.549215
9.593363
9.541204
9.617678
9.555757
9.56847
9.569639
9.597079
9.569965
9.59901
9.573855
9.555506
9.55921
9.558148
9.50155
9.658895
9.55145
9.562705
9.582146
9.558921
9.642417
9.498668
9.64184
9.557754
9.554842
9.548635
9.548775
9.559713
9.536054
9.551585
9.539546
9.541428
9.630521
9.561334
9.502706
9.472433
9.544518
9.570672
9.527996
9.576261
9.602995
9.570728
9.493921
9.530572
9.521086
9.57778
9.497015
9.544007
9.61627
9.496458
9.534138
9.578499
9.585157
9.53115
9.540859
9.566961
9.593616
9.533449
9.556807
9.599
9.544172
9.495849
9.554047
9.528985
9.475601
9.5748
9.554138
9.600528
9.571896
9.600749
9.594522
9.58076
9.587297
9.52103
9.578326
9.531373
9.522323
9.580862
9.531047
9.528551
9.548068
9.604453
9.564001
9.540478
9.563506
9.55035
9.520452
9.555536
9.555084
9.519054
9.588013
9.509579
9.53409
9.526734
9.582705
9.495728
9.563569
9.568212
9.552715
9.537447
9.611067
9.5669
9.6485
9.588508
9.540237
9.582975
9.564334
9.590876
9.587668
9.589355
9.563257
9.543744
9.555104
9.584951
9.53884
9.585627
9.612239
9.570549
9.566516
9.562957
9.568609
9.541153
9.575618
9.607994
9.508725
9.617499
9.596981
9.475927
9.610132
9.555721
9.535334
9.534969
9.598622
9.597119
9.546765
9.533113
9.568809
9.542452
9.553724
9.515494
9.528051
9.588299
9.611614
9.599222
9.488861
9.57246
9.552296
9.583968
9.63055
9.581274
9.647134
9.59229
9.53561
9.581737
9.523408
9.653302
9.575329
9.585507
9.615852
9.50303
9.533498
9.462298
9.550048
9.538947
9.567453
9.580967
9.574855
9.598668
9.522831
9.580401
9.565705
9.574998
9.588852
9.551454
9.528262
9.499402
9.534611
9.557523
9.553948
9.554359
9.570937
9.600772
9.581721
9.610818
9.6385
9.621237
9.500731
9.6062
9.552013
9.531774
9.597458
9.621377
9.552595
9.595932
9.540721
9.579135
9.575618
9.613611
9.555113
9.566477
9.489654
9.574017
9.564894
9.515601
9.529937
9.593103
9.634393
9.552643
9.525609
9.60971
9.568574
9.492341
9.562446
9.591795
9.567715
9.563978
9.527307
9.540747
9.587195
9.534728
9.615684
9.577638
9.579396
9.516167
9.579136
9.566787
9.539681
9.543964
9.482603
9.52359
9.571837
9.523384
9.56373
9.499655
9.545463
9.541827
9.528918
9.488485
9.598319
9.596524
9.540659
9.594276
9.584666
9.536439
9.546569
9.511115
9.56096
9.554805
9.533037
9.503044
9.633758
9.594699
9.573567
9.585294
9.490803
9.502446
9.515701
9.564301
9.506021
9.64225
9.592551
9.582329
9.497984
9.562848
9.525543
9.495293
9.566437
9.51435
9.560708
9.60008
9.577114
9.509962
9.522639
9.50059
9.536169
9.593957
9.559946
9.535523
9.527718
9.571479
9.558704
9.56987
9.575407
9.558125
9.550838
9.536181
9.568422
9.558308
9.546882
9.566723
9.63065
9.544669
9.58079
9.525162
9.546074
9.480489
9.601897
9.50512
9.544499
9.575613
9.581237
9.535769
9.55475
9.487433
9.52159
9.534279
9.543802
9.527528
9.552814
9.566972
9.527204
9.531359
9.549736
9.502532
9.56026
9.543935
9.542601
9.512368
9.573601
9.553808
9.546617
9.575803
9.54604
9.600532
9.538795
9.586109
9.477274
9.482238
9.510321
9.512154
9.543896
9.52916
9.536913
9.544143
9.545406
9.546576
9.540288
9.605189
9.56547
9.570221
9.516157
9.507742
9.538579
9.501584
9.52925
9.530037
9.566505
9.591372
9.516341
9.555543
9.601736
9.546653
9.582398
9.501027
9.571417
9.602793
9.572318
9.540386
9.528851
9.550913
9.524147
9.59918
9.561467
9.566553
9.536977
9.554889
9.511194
9.583004
9.562189
9.570032
9.565524
9.523683
9.501097
9.539499
9.532364
9.622067
9.574749
9.527856
9.672662
9.540088
9.587401
9.556663
9.515142
9.515598
9.549009
9.508847
9.554761
9.582159
9.574665
9.579123
9.459573
9.58542
9.553371
9.514851
9.586233
9.539697
9.59231
9.55433
9.51442
9.571945
9.632924
9.529461
9.564106
9.556383
9.548885
9.56405
9.590258
9.609012
9.582539
9.553892
9.574008
9.632278
9.519498
9.578633
9.517221
9.509607
9.552418
9.633026
9.583952
9.514737
9.580257
9.527512
9.492805
9.566063
9.552371
9.533097
9.52638
9.509763
9.572583
9.565708
9.534591
9.558688
9.532846
9.561079
9.574809
9.525025
9.581155
9.537448
9.533911
9.602518
9.591106
9.537876
9.57871
9.587065
9.483563
9.602665
9.571388
9.499482
9.485485
9.571795
9.611512
9.562393
9.568232
9.533862
9.643335
9.586742
9.517846
9.567602
9.574683
