14.19031
7.721722
7.967558
5.041157
6.933441
7.689815
5.848214
4.798123
8.085488
7.190363
5.950326
6.416908
10.00331
13.71223
8.190571
10.77164
6.615508
5.846583
5.676254
9.00605
8.732863
5.243689
18.0408
3.731074
6.642787
7.003821
6.127612
13.17576
5.422225
7.600885
2.911268
6.344106
6.211022
8.790254
8.795568
11.45792
4.90672
7.43789
8.967032
8.371887
4.783551
5.845927
7.047708
6.078802
13.63695
7.534367
5.294335
12.91699
6.367458
5.473269
7.436409
6.690443
5.63819
7.837458
6.551645
7.731479
11.14596
4.297554
7.380359
6.908855
4.313571
6.762155
4.940526
6.894467
6.23835
10.03209
9.660407
3.956714
6.53221
8.727107
20.02255
9.882007
6.685269
8.330458
7.272369
10.95494
10.92819
3.723647
5.769003
5.169438
8.363088
11.78122
5.122667
5.270428
4.897884
4.972917
8.927813
6.905168
6.633615
5.102938
8.888441
6.971705
8.960575
6.918419
12.09544
4.420771
9.117718
10.43975
8.148193
4.299342
7.040366
14.30301
8.772251
4.658067
13.55699
10.41836
5.128138
8.315546
12.47141
5.903168
9.902406
5.657195
14.34431
10.68529
5.364878
5.902735
5.3922
15.93008
7.238314
10.5792
12.66136
7.776048
7.497051
17.77544
11.6459
6.59935
5.577691
9.186365
16.82315
7.013457
6.601177
4.917923
9.863418
5.289263
7.439866
5.847733
5.597499
6.632861
11.59876
4.621642
6.276463
6.999273
6.924701
9.300579
6.130492
7.611894
7.504662
9.239714
11.7382
8.69822
5.23318
5.29509
5.409622
10.68215
8.605143
8.213055
7.058984
9.563286
8.847763
7.853061
7.512574
13.59093
7.095054
8.288428
3.94078
7.559686
7.05898
9.375197
9.623443
7.298319
7.637285
6.685679
7.273234
3.376899
7.805705
13.27446
9.762698
8.889197
6.439185
8.250109
5.69237
2.625401
12.42688
6.814178
16.75282
14.8227
8.584818
6.660776
11.25422
10.13557
5.75535
2.973219
5.301341
4.855161
8.476983
7.719634
11.51824
7.566419
8.455837
4.682119
8.123542
3.162136
6.874855
6.074264
7.26781
8.911268
16.26493
9.416726
6.316985
6.04679
9.759281
5.824414
6.019635
8.205693
3.888865
4.807634
6.398321
12.69406
7.492979
6.666679
8.346568
7.888101
9.451133
5.157097
14.42003
4.797947
4.479967
9.554196
6.023328
7.545344
13.21412
4.57169
8.401829
7.351134
3.383336
6.566455
6.121108
7.791001
10.60574
13.06579
8.052884
9.570941
10.90259
6.003275
9.056772
14.22046
5.897162
7.84704
5.947114
8.70206
7.793339
9.00812
7.624999
6.723776
7.379302
5.122367
5.143702
4.958565
7.015433
6.367536
6.439904
6.561461
7.163509
6.934764
3.674739
6.981835
6.441616
4.834195
7.70424
5.193732
4.734038
5.255257
5.471599
6.273124
4.865872
7.041379
6.418697
6.926357
6.418135
6.984694
10.57096
5.247412
5.412909
6.872799
7.728689
4.206091
4.945345
4.710716
9.444444
9.965642
7.36723
9.035257
11.84255
8.130134
7.280308
12.38316
10.57341
6.760571
6.442669
9.620205
6.758935
6.046279
5.804329
5.955179
6.914728
4.788915
13.0473
7.1855
11.19517
6.583262
8.258388
6.102166
6.460145
14.99928
11.52043
6.167658
5.590774
6.327414
4.889965
6.013785
8.449029
4.517397
16.63704
6.092194
6.720187
6.866137
8.498765
6.323763
9.66769
7.265999
4.096427
6.338189
10.06524
11.58871
6.610624
12.70964
6.206841
10.07391
8.288594
7.166371
8.921307
6.951194
8.234154
9.780158
6.596774
3.329376
7.975937
10.05201
5.866876
6.436049
5.852373
4.749624
10.94648
6.808761
12.42078
8.918007
6.20523
12.69921
13.1713
4.899682
9.41245
5.822839
12.7441
9.733035
2.9864
7.031521
12.44109
9.619635
9.178154
7.718125
5.952432
6.325721
15.94618
8.76436
3.938649
9.111338
6.78528
10.74938
17.53771
8.994348
7.601716
3.831861
6.165955
6.532435
6.290832
9.627791
15.69239
7.322879
4.964584
10.31729
9.190653
5.745649
9.23154
4.997157
8.313797
6.676808
4.882399
7.38337
7.277268
7.103624
8.397687
7.532913
5.766844
10.32382
5.600193
8.395384
8.656029
11.33521
6.217926
4.547249
4.315459
9.140481
7.226776
19.49424
11.51207
13.07145
6.48389
4.674888
7.031657
8.341528
6.746127
6.625054
5.854271
9.223542
6.5816
10.94239
4.188715
15.16938
4.50282
5.318839
4.645031
7.019538
5.598589
6.389318
8.498692
7.319424
6.087164
6.219579
3.973204
8.413147
6.550137
5.452609
5.314795
4.337604
7.012923
4.260341
6.879286
4.686502
4.510628
8.313159
6.088517
9.91961
6.094767
5.971945
7.427964
9.593193
5.650794
13.84938
4.157961
7.604204
9.022318
9.940235
5.887166
12.39407
8.056875
8.788909
6.484893
5.104013
7.933043
8.036236
3.288404
6.04865
3.798374
8.25475
6.064268
8.497356
6.223042
5.405529
11.305
4.254735
6.584203
13.71204
12.26705
6.116447
4.673506
7.110818
10.51429
5.377072
8.834265
5.450441
5.547637
8.982818
5.747893
6.56692
5.859016
6.063881
5.818586
6.55927
4.941242
11.86457
8.649513
6.112236
5.286763
13.42397
12.54917
6.883517
7.334331
9.173665
12.70299
7.837572
6.401446
5.728797
4.31369
10.67398
10.22468
12.66535
7.464172
16.06038
3.596054
12.18936
5.469809
12.04631
5.387531
6.090766
10.0414
3.834659
8.790349
6.597973
6.957861
5.914008
5.854297
6.570647
12.051
6.971268
3.94702
9.483832
6.973682
4.831372
20.32231
4.019067
8.231394
9.407007
3.123862
5.868422
8.711502
7.128013
17.70865
9.952292
7.256895
10.15439
13.68868
5.514488
8.455833
10.64465
4.177809
9.132296
8.685441
7.22035
4.110212
5.757883
8.945014
7.81414
7.271773
7.424801
12.40898
5.006765
7.17432
9.629849
5.804674
16.73684
5.277614
7.276388
7.894597
11.52168
12.28291
9.60155
8.105108
8.788792
4.832646
12.14584
2.632837
10.70559
5.984014
8.934574
11.7162
6.953775
6.426961
9.696176
6.357712
18.87954
6.259193
3.394985
6.198378
8.678133
5.516206
6.957131
6.777429
3.304987
8.172065
9.436094
9.885182
12.67146
7.507059
7.9311
4.906998
5.807837
7.153987
4.687974
7.929965
5.318372
7.827298
6.13252
4.648361
9.601341
4.68223
8.019878
9.804447
7.668465
4.683174
9.02985
7.753653
10.35824
5.097412
8.050528
3.93458
6.856955
8.776104
8.985049
14.70291
4.78897
9.386259
8.239282
7.342486
4.727421
9.668917
6.683467
6.770033
15.34647
6.72823
6.23783
7.904783
6.130323
7.140183
9.143977
9.485161
6.589147
7.453721
8.794575
5.953052
6.548854
6.524002
7.531389
22.57833
10.29133
10.32675
7.783364
5.758505
10.11022
10.99645
5.762049
7.216284
5.077858
7.472809
9.914536
9.197685
8.536782
5.633325
6.58167
7.759457
8.056441
7.668571
9.537667
3.902347
9.217619
11.55864
5.202832
7.714045
5.818259
8.070831
9.547793
15.78165
8.323116
4.414764
7.308263
7.695818
5.168578
6.964593
10.62869
5.570459
3.522831
7.031963
15.5734
8.214471
4.135738
3.441419
9.056523
5.802129
3.730178
7.631135
6.237388
9.754424
5.470998
5.676241
10.22703
5.412945
11.81941
6.558892
9.051551
6.362196
10.42012
4.270492
4.443823
10.80326
6.493975
11.30955
8.751637
13.71734
6.584369
5.017262
7.705027
7.067432
5.760986
13.96398
7.41515
10.86311
7.31137
7.911618
5.954899
13.95652
9.273875
6.889397
9.439317
8.587113
4.82935
8.250713
9.770371
7.228905
4.635384
7.741027
6.666157
6.16975
11.9045
8.328116
7.154422
4.117951
5.429854
4.620051
6.848834
8.97261
7.546149
10.47725
4.860219
7.688349
6.847944
5.451286
10.25488
6.515081
3.890743
3.946384
10.79471
8.033346
13.53584
9.038922
11.87118
4.62865
4.558139
6.562048
6.871342
13.37136
10.69967
7.581096
8.750374
6.76782
3.795117
4.128364
4.278536
18.40515
10.37571
5.361976
6.78423
5.014997
11.80692
9.60208
8.815376
6.783358
11.28185
7.541458
5.446128
5.511871
5.044769
7.131366
6.315252
9.853095
7.17065
7.825066
7.928316
12.41802
9.646649
7.155463
4.20738
6.876022
7.805599
3.910675
7.451999
5.949195
4.467671
6.557555
6.566115
11.95467
5.437858
5.754824
12.31338
7.004386
5.401369
5.232694
7.767092
3.828186
4.561499
3.389432
10.97008
5.485773
4.786877
8.795687
5.15127
10.80228
5.988408
3.396847
5.674169
6.387612
10.29498
5.108923
6.33701
6.946849
6.648784
11.48058
7.383568
6.90928
8.099616
7.526794
9.602626
5.719246
19.18506
14.76979
10.05169
5.217335
7.011951
6.482776
5.694266
4.627231
11.09519
13.11034
2.966706
5.085184
4.098704
10.41987
6.648533
11.46638
18.79143
12.54033
6.98499
25.62385
4.677999
7.090697
12.28786
5.294815
6.528766
7.651881
7.092377
7.141879
6.677576
10.11939
12.89618
8.290955
8.135581
5.805742
5.937294
13.95772
9.930683
6.359988
5.758785
6.08061
6.368778
7.015911
5.845776
7.057521
9.756704
6.947819
13.08221
4.640981
10.73585
16.71195
4.228372
9.093074
5.757168
5.098071
8.360844
10.64195
9.452421
7.432585
12.34449
19.41247
4.142101
7.968584
9.857419
9.853302
6.812783
16.77193
12.38042
16.10326
9.940464
7.358708
6.293804
10.9912
10.71754
6.606328
8.948768
16.36914
8.450798
12.90031
9.992843
5.090415
10.55812
8.7003
9.474615
14.75567
6.389365
6.054529
6.819846
5.56648
5.96267
11.68015
3.900259
5.545856
12.82615
8.010027
6.124887
8.249333
5.691666
7.369666
11.64408
5.652465
7.512538
10.56749
10.10532
5.010217
5.966299
5.005605
9.322816
7.885333
7.011001
5.470531
6.499896
6.775071
3.267012
8.67675
6.000957
5.768781
8.189914
10.09184
11.60364
9.132145
4.29771
5.866672
6.081139
8.044892
14.28243
5.303009
7.884604
8.274966
8.934651
3.676386
3.786061
8.008836
10.31645
4.854959
6.205811
7.570554
5.448424
8.521824
13.81127
6.125884
7.147317
6.841318
5.941826
7.825028
8.881017
7.994076
6.004192
9.566519
19.15722
5.977805
7.898448
5.657349
6.462159
12.44103
9.975599
7.262087
8.769013
5.990606
3.613045
8.360627
7.972817
12.78848
8.526223
7.416941
6.92225
7.336159
5.018433
7.224489
17.22481
6.284714
9.376735
6.933388
4.337535
5.155351
5.276555
9.698029
8.254599
7.604685
8.183387
11.03233
4.841595
10.45854
12.77162
6.100467
4.467899
5.944267
4.640221
7.092384
9.949114
6.520894
3.717431
5.938961
5.680421
9.800176
13.04388
12.19447
13.78483
10.07667
17.89711
10.3056
4.88275
11.94852
6.611601
6.368248
6.686412
19.29465
9.117756
8.128676
7.137948
7.582552
13.34734
12.53296
8.750894
6.057089
4.974994
11.94679
6.872924
5.439875
5.79116
8.222812
8.48811
6.917283
5.684882
3.844632
9.683951
6.006208
4.330679
6.834461
14.28383
12.47411
7.507018
8.117523
11.27294
6.727585
10.94095
4.483605
8.999145
6.980714
4.578426
7.419116
26.00449
9.050341
5.800346
10.16886
5.665382
3.608193
17.48762
16.30219
11.43392
19.33253
10.74662
4.803781
4.50266
6.259229
6.76355
5.542811
6.977045
6.998513
6.670707
9.085385
10.17358
16.54433
6.31731
9.769941
5.213242
6.75616
6.821928
3.47196
8.394859
7.576884
9.144636
8.992376
13.89707
4.860323
6.101233
7.742567
5.902878
15.18569
6.898937
5.446383
8.272344
5.080717
4.864954
7.096027
7.203387
8.926642
13.991
6.486755
9.454587
5.14636
5.339907
9.838969
6.904575
6.591258
8.104367
9.707517
5.22973
7.800592
8.129613
6.900874
8.81045
5.07458
8.90832
5.588601
5.229664
9.133106
5.869732
4.780308
6.97873
4.11414
6.634028
6.305224
7.03602
4.093681
5.564873
6.191003
15.21557
8.141586
20.3669
5.019084
4.860896
3.707042
7.831475
5.797191
9.711319
5.982386
11.92837
5.487328
5.869709
6.751661
7.174174
6.686539
7.345703
10.09682
15.73964
4.31672
8.123172
5.522287
14.7471
7.544348
9.903609
6.009703
6.135146
6.967435
3.693198
7.707577
12.48518
6.854679
5.766829
5.19182
6.554907
5.408429
7.960886
7.828233
8.786476
5.97633
9.063797
10.92442
9.705052
