2.654005
3.448054
4.273311
5.362366
9.492687
2.988179
4.145288
5.08437
6.655957
7.08792
4.192355
3.564764
3.359822
2.780302
4.796461
3.833819
5.184577
4.376359
2.976148
5.991493
3.93863
5.486432
8.219044
4.484815
2.656231
2.290254
3.589759
2.849819
5.702117
10.3417
4.697396
6.78797
3.358899
5.448231
5.875724
3.59163
4.037147
2.770932
2.414163
4.387288
4.514466
4.392866
4.139201
4.814585
6.194928
3.197874
3.154535
5.396027
4.178164
4.91569
4.698033
2.551822
9.351083
2.462803
2.732495
11.30119
7.151659
2.97037
3.803261
3.318125
5.959083
4.879626
1.672049
4.802459
4.350109
4.084967
9.352678
3.230449
3.618871
6.611154
7.620223
6.790179
4.035466
5.627303
3.983034
6.381569
2.807532
3.545228
2.941413
4.047761
2.798367
5.536788
4.374487
11.36389
3.430717
7.874708
3.131829
8.331865
5.590516
7.797961
4.853754
3.209925
2.922063
2.148481
4.771209
5.288658
7.740515
2.954154
3.035779
3.293104
2.192348
3.581805
8.700898
6.026452
3.404939
2.774835
2.814362
7.710055
5.012539
5.470222
5.012751
2.734802
4.834561
3.546058
5.118139
3.45554
4.783907
6.231936
6.141432
4.992974
6.033481
3.234198
3.013664
5.158961
5.229819
4.156522
5.297407
5.627892
3.02244
2.648041
4.74294
4.654691
4.544321
2.199731
4.196693
4.604985
4.431296
3.731647
6.764973
2.589464
2.603076
8.186885
5.74979
4.808732
4.768567
2.76076
6.811649
2.729166
7.824307
4.141089
6.709578
6.37092
3.426642
7.151881
3.324853
4.304417
2.136941
11.17064
3.450837
4.545573
3.510896
3.757396
5.034999
4.459828
3.896226
3.940222
4.888159
8.144745
6.112382
3.415105
3.954466
2.816157
3.334552
4.308471
7.249603
3.191289
4.675654
4.607374
2.765714
2.885648
3.106036
2.153058
3.139217
6.191429
3.58533
3.548884
4.087389
3.706014
3.127664
4.949751
3.605141
3.999735
5.986003
1.919366
7.428213
6.853539
4.115114
3.078442
5.010205
8.107096
4.190792
3.438339
3.373335
3.74212
2.508235
6.390946
3.142275
5.24568
5.284567
8.917861
3.241455
6.014155
5.325654
5.519239
3.990505
5.215918
1.757123
8.26066
4.421024
5.128647
3.340104
6.105598
6.144365
5.693157
3.995661
2.958494
5.434194
4.3896
4.224184
5.737072
2.704218
7.243067
3.857134
5.663029
2.41237
3.535084
5.268121
5.50382
4.623111
4.650781
3.890499
5.630854
2.439015
8.877029
6.144761
3.309809
10.09642
3.664786
4.960445
6.139491
5.946583
3.75224
4.515411
6.170568
3.556673
4.871815
2.656886
6.456231
4.046986
4.422821
5.692978
7.188613
4.462495
2.297967
6.603053
4.6995
3.608946
6.972094
2.265655
3.561017
3.921139
4.825563
4.353389
3.183207
4.223275
4.887589
3.759698
2.89581
2.826503
5.781047
3.008458
5.817444
3.968834
16.22633
5.344265
4.725499
2.42175
3.908532
2.907713
1.973474
2.572596
3.099863
3.419999
7.179253
5.28739
5.448203
4.332181
7.358384
5.240832
3.819932
3.273762
3.168963
2.950056
4.157569
3.390449
6.104418
5.14486
8.044276
2.445071
3.378832
2.202088
4.355546
6.333833
4.407604
2.951437
3.242595
2.404086
3.577608
5.372948
4.307113
5.114504
3.743521
1.60233
2.451178
3.405853
3.109385
5.698601
4.17238
3.884396
4.966025
6.755422
4.847616
6.909274
3.253979
11.84726
4.189344
4.209243
6.054182
6.404328
2.356143
2.440993
2.678982
2.464849
3.545635
3.404786
3.406587
4.470027
4.643549
3.517179
3.678236
3.546495
3.058435
4.145407
6.050939
6.168151
5.530634
7.494445
5.00477
4.88486
5.572088
3.80864
3.59789
4.208025
5.671109
4.724501
3.778619
4.782133
3.150913
4.886511
5.17437
4.494997
5.044271
3.995146
3.186754
4.160584
2.475005
8.430046
5.113562
4.394808
5.129498
2.451484
6.052106
7.172499
4.744764
6.681084
3.170759
2.369311
2.528361
4.114815
10.75642
4.921298
6.138952
4.638377
13.45611
5.290882
4.393834
4.24198
4.59231
3.639672
4.038471
2.189505
2.197906
4.539589
5.840977
4.959688
4.918643
5.636705
3.6801
4.88882
4.26391
5.099926
6.432512
5.151349
4.389784
2.151121
2.399382
4.333521
4.332576
4.787531
4.6537
4.511426
4.831014
3.677636
3.736798
4.462009
4.162732
2.667709
3.824457
6.257623
7.3063
4.041526
14.57596
2.290817
3.527439
3.553136
6.252655
6.060909
2.233522
3.223386
5.642651
2.661567
11.56272
2.701275
13.09548
3.825495
4.469356
8.166628
7.831422
5.170481
4.672798
4.533803
3.725833
9.022515
3.596512
4.159741
8.141413
6.440002
3.530106
6.422803
3.187421
6.847165
5.255809
6.57105
3.968617
3.290933
4.444289
4.507722
5.394603
6.209185
7.259159
3.85108
3.484981
5.144422
6.869294
8.686622
3.027855
6.007142
3.585801
2.508585
7.554352
4.494512
5.793372
3.242985
3.877903
3.133177
8.477409
6.448857
4.776261
4.504083
2.923801
5.933679
2.837392
4.620461
8.072487
5.331609
3.33508
6.264057
2.627681
6.906242
3.581111
4.122255
4.219873
5.200135
3.242056
4.966343
5.290516
2.514294
2.359629
6.730063
3.62291
2.467534
3.263454
3.407072
4.383643
2.227209
5.329988
6.881025
4.9244
5.540962
3.639822
3.035778
3.235635
3.077094
6.617313
5.30733
3.585811
2.72245
3.767027
3.405688
4.750035
3.838075
5.153179
6.199119
4.222902
6.619881
4.656256
3.795562
2.959726
3.778338
4.139354
3.516381
3.976237
5.934965
2.332453
2.290555
5.40426
3.701043
5.784845
3.744736
4.045079
4.091243
3.304256
4.393996
4.253967
3.325505
4.42171
4.673285
4.270965
5.207706
5.06214
3.274795
5.041581
3.167056
2.901912
2.055995
2.133225
5.71089
4.67482
3.723287
3.281848
5.020766
3.982386
4.662833
3.323287
4.70802
4.11005
5.671131
3.074724
8.317205
2.300556
4.459739
3.977892
3.910395
2.548719
4.554971
6.923285
5.840395
6.982199
3.014235
16.67349
5.031693
4.817772
4.768287
5.908843
3.19598
3.878404
5.148346
9.834133
6.339231
4.478584
8.017622
3.768299
6.425423
2.531249
4.202231
16.73477
3.667258
2.811123
7.089698
2.993843
5.726741
2.714506
7.327862
6.829806
11.12717
3.434019
4.534405
2.916939
1.836144
7.573214
3.318786
4.95283
3.562365
5.21939
1.937346
8.047534
7.559867
2.906296
5.525668
4.591806
2.202933
4.651435
3.839308
2.980803
5.725675
6.74808
4.033769
4.745641
3.282813
7.473978
5.502372
5.177916
4.384528
4.68488
4.152861
3.360994
3.309626
3.243304
2.523733
4.02419
7.065734
5.237864
3.639429
3.748039
14.39778
2.688107
4.736708
2.45859
4.104803
4.052849
5.649411
3.378628
3.698258
4.025138
2.213642
3.095873
5.82491
7.966416
4.370002
2.416245
3.987128
5.872325
5.152275
8.729272
5.527121
3.695437
4.847503
3.609765
3.027605
6.167079
3.400055
3.560926
10.50851
7.549044
6.997415
3.76864
6.630208
4.930053
3.29874
3.984375
6.934316
2.212178
2.464667
4.985926
5.599773
5.679955
2.536465
5.079565
15.97022
3.557227
3.07403
5.388
6.054069
2.848479
4.822736
4.076765
2.632161
3.304202
4.464456
5.184347
4.653325
6.094878
3.053108
7.39455
6.255633
5.35197
4.209417
3.606514
2.820785
2.790973
5.521327
4.792641
2.733796
5.194006
7.193712
2.939399
5.724313
7.883895
5.285046
4.49861
4.8067
3.099843
5.793447
4.543661
4.632615
3.574472
5.538531
5.517885
2.762391
3.798433
3.685509
3.832551
6.696208
3.700388
4.571716
3.139257
9.406549
4.59055
3.353601
4.512533
6.621999
3.048645
3.221101
5.41909
4.532038
4.740748
3.448138
4.458011
3.473907
4.234223
2.999419
4.189298
4.683506
4.506467
5.083956
2.111673
5.682332
2.967396
5.323271
2.786669
4.555598
3.506647
3.096744
3.314357
2.304073
2.771537
4.297724
3.635933
2.804843
7.545196
7.984091
4.304287
6.646707
5.440995
4.448924
3.085703
4.917831
4.850911
7.089728
3.849981
2.297078
8.738763
4.770613
2.76085
5.726494
3.62587
3.876933
3.329107
4.313543
3.598963
5.986786
1.674858
3.163778
3.677048
8.984409
2.417664
2.546668
6.976235
3.093592
2.628305
4.156785
4.563297
3.440261
2.649097
4.986766
5.944349
7.962355
5.715598
4.253369
5.858835
6.636289
4.300866
4.627195
4.623027
4.690898
4.942324
6.108124
7.289146
3.502495
3.593811
4.353925
3.146745
3.446863
3.729395
4.216639
3.326037
3.241851
4.780575
7.396865
5.049392
5.804107
3.716912
3.530147
5.383582
2.247211
4.439843
2.801897
4.37784
3.860823
2.497254
2.73318
2.554524
8.020235
5.039802
4.127705
6.053573
5.708692
3.042812
2.360552
2.398621
5.082267
6.453369
3.061004
3.747163
4.251798
3.759271
1.983397
5.292803
4.676688
2.903671
4.737543
4.732878
3.158787
5.376083
4.030714
3.537447
8.262455
6.128582
6.247634
3.093666
10.17022
9.339214
6.749605
7.76592
6.411107
4.932234
2.974345
3.187345
4.444566
8.026249
6.719081
6.283794
5.1375
3.566875
3.629697
4.867497
2.934155
8.245795
4.735607
3.944913
4.117105
6.232199
5.025155
3.759516
7.061681
5.671029
6.862448
4.719134
4.674768
10.49236
3.29269
6.575485
4.77291
3.958473
2.351532
2.255241
5.562633
5.136049
5.335733
3.72431
5.213218
6.113165
3.645878
3.31818
4.504082
5.354964
6.362869
6.375432
2.870067
10.23419
7.959994
5.365112
5.927262
3.773192
8.147099
7.471565
5.766681
5.724165
4.460575
5.231441
3.812796
4.918079
6.447116
5.736095
6.917495
9.061042
6.681887
3.867168
4.751057
6.654874
3.227254
3.248024
3.200598
3.318063
9.273898
4.252838
4.066624
3.96272
3.134179
4.604698
3.383233
4.4567
6.992141
5.678951
6.939288
4.302669
4.732866
4.703989
3.966815
5.194476
2.157939
3.779977
3.656876
4.279648
3.001376
10.25351
3.30566
4.238562
3.488792
4.347759
8.276238
6.209567
5.970055
3.906986
3.431909
4.838614
2.931309
3.603436
7.544126
3.473809
1.934602
3.039265
3.848829
5.366515
4.060297
5.901276
7.751228
5.475543
4.746229
6.865985
4.386894
3.181866
3.579888
4.22419
3.326342
4.261594
3.689334
8.509567
6.059979
3.889441
3.426164
2.67404
2.947
3.060394
3.093215
2.561936
6.973567
2.798973
2.841029
3.838721
7.149211
3.943239
3.907291
2.388937
3.382747
3.41215
4.259307
3.260642
4.682084
4.931263
3.201521
6.992929
2.576299
4.284278
7.726362
3.834952
6.270818
4.929586
9.166525
5.809897
4.910349
4.813495
4.934764
6.644335
2.976891
4.542657
4.129294
2.970865
7.794211
3.685352
3.734938
10.91351
2.92256
3.013558
3.919545
4.16896
6.006616
4.464735
10.65288
6.415321
4.536731
3.570031
12.0504
9.494565
4.139958
3.933502
8.814205
5.346747
4.424092
2.874541
5.538393
7.654383
8.303059
6.020876
9.299398
2.910437
3.466146
3.334283
6.379168
4.149552
5.151275
4.184308
3.336996
6.400652
5.8485
3.845277
3.337868
4.817212
4.687275
3.20598
4.615194
4.727942
7.522836
3.0621
3.447141
6.190613
3.241961
3.78197
7.210031
3.303695
5.619319
6.129934
4.678589
5.372391
2.674855
3.744873
2.183159
5.014166
6.504164
8.43028
10.19705
2.793866
3.837234
5.645265
4.314282
6.308493
4.451962
4.813152
5.915075
4.100945
5.379312
2.680947
9.608183
4.147001
3.261492
3.143228
4.57403
7.765784
4.172391
2.885704
4.448502
3.893983
4.88276
4.481605
4.399678
5.833739
3.171212
3.239656
5.928249
4.233667
3.764859
4.598424
2.855295
5.903672
5.978697
4.366481
4.641569
7.065388
2.156229
2.875313
5.950326
3.889799
6.366531
3.076965
6.548925
3.6041
13.19879
3.954922
3.868686
5.516372
2.605074
3.839255
4.950683
4.871188
3.444235
4.833609
5.945004
5.956224
4.274058
3.262216
4.360253
7.896447
2.59269
2.229513
4.977452
5.352266
12.07449
2.438608
7.199736
2.500512
3.44895
2.529584
2.301962
2.422204
2.369258
5.227667
7.018784
4.123269
3.691118
2.348731
3.479786
10.06531
5.047396
4.222305
3.655505
6.659842
5.642172
3.146493
3.969657
6.517703
