4.325195
7.276294
11.19772
14.13438
4.942935
8.766516
3.841652
6.021896
7.512398
6.533008
6.396745
16.63537
10.46402
4.202413
4.779603
4.470885
6.29314
7.360742
8.209975
7.994198
7.945652
12.21143
9.811907
8.823717
12.02208
9.139547
5.760068
13.96811
6.906811
7.923491
6.298238
7.345019
8.341024
10.75214
6.527497
8.763919
14.57361
6.993758
9.247234
7.861984
8.543898
9.402793
10.59626
6.03472
8.019636
12.0986
9.601056
4.904831
9.410398
6.757755
5.879814
4.719087
10.07849
7.649072
6.795655
5.821362
5.198808
13.21468
4.736917
6.850336
6.423497
7.016552
11.3996
8.784298
10.76521
5.790366
23.00864
10.13798
6.655074
12.0731
7.446819
9.245276
5.958451
9.67542
4.830461
13.26721
7.754564
11.41859
4.252909
5.430057
6.535253
9.031046
10.5163
9.485496
5.605328
9.789334
7.306844
7.787944
3.850054
6.254359
13.02951
11.47114
4.829405
11.51511
7.006637
5.264482
3.470979
9.901859
8.066885
9.466875
12.18089
6.814192
15.39665
5.319518
7.518158
6.183425
5.830505
10.68983
8.514353
7.094419
14.82671
10.27516
9.607026
4.44859
6.532628
4.378713
5.631198
8.483253
7.694091
8.326139
8.605859
9.631354
5.70181
7.882278
11.06789
5.205043
9.021469
3.516917
16.55589
5.937602
6.477767
11.42706
5.154861
8.729759
6.944252
7.465255
6.24979
6.694031
6.612953
18.81528
4.943953
9.40888
5.571279
12.40247
5.89069
11.8284
6.539236
19.28921
6.231871
7.560884
9.278205
7.352663
5.658267
7.549188
14.2584
6.803432
4.135677
6.834143
13.91048
7.779869
7.299959
6.234752
6.481748
7.556771
6.988149
4.846798
15.43585
5.45381
7.048023
11.57445
10.89579
16.57899
5.172152
4.028312
4.843728
8.789558
7.48005
7.113045
10.48441
11.22639
8.544386
8.269743
7.852573
9.168273
7.966056
15.23972
9.552604
6.517803
6.549884
7.319858
6.21604
6.929133
11.49547
5.053417
10.20833
10.77243
8.352723
6.063564
7.682432
7.832971
18.39749
12.56295
8.497018
8.258311
11.10943
4.200595
8.099647
5.253357
12.56728
5.4252
7.059126
9.023834
11.64973
5.988194
8.896314
6.089096
10.71872
9.852016
9.745172
8.648898
9.056736
10.3964
12.15533
8.278721
7.450075
5.147602
6.220693
8.658498
7.500739
11.33785
8.105005
8.115631
6.811339
5.664574
7.834129
11.17036
6.837089
6.517605
4.495909
6.330048
9.573414
7.54421
6.394549
6.193517
6.798701
11.59978
4.168287
8.681471
5.119208
5.969314
4.437374
9.194585
7.94645
7.121445
6.811472
6.233007
22.12436
10.0807
15.24661
11.83314
9.669305
7.37717
6.02141
13.03748
4.928384
5.345088
8.72815
6.366814
4.969461
6.496771
16.20135
14.19925
6.572174
16.21605
13.42625
10.13325
7.034527
12.04835
10.00488
7.774814
8.282888
6.07808
10.53958
12.51071
5.957141
11.21046
9.543176
7.93462
5.134459
11.07429
5.953089
9.806212
5.623333
5.28212
8.451955
5.034107
6.731
5.167346
13.89308
8.306605
8.266781
5.100225
8.027984
6.175948
8.822477
7.851291
8.521691
7.942761
7.726689
7.530039
8.273318
10.5895
7.847165
4.787766
5.783272
12.77271
7.198845
6.497002
8.117432
5.280167
5.09635
8.049991
10.0894
10.60406
3.849882
7.418957
10.67952
5.271669
4.268501
7.8829
6.195884
6.472994
4.068538
10.90629
5.277986
8.767078
11.47448
6.10036
21.96458
7.179292
8.901038
9.873611
8.964666
12.91125
8.585586
6.212831
6.15438
12.55461
4.465409
8.014455
9.412125
7.00779
13.05585
8.832581
9.767122
4.693297
7.546839
15.71551
11.07042
8.290787
15.01057
14.22211
10.39117
6.822996
12.14734
6.137652
7.760556
9.009591
12.36257
9.266453
8.278235
27.36798
3.829699
5.932422
9.934261
15.49674
20.43385
9.870641
7.826763
12.58129
16.99987
11.0826
10.19369
6.594237
8.542389
7.262192
6.273808
15.09189
4.910783
17.17251
6.724547
8.716963
5.89063
8.020676
8.133959
10.73954
8.742879
5.939241
5.155567
5.363403
5.139699
10.33678
6.345154
7.730504
5.645922
7.586182
9.47353
5.807833
6.849235
11.17948
10.85846
6.135796
6.223392
10.12164
5.253081
5.883625
8.114169
11.8568
4.496255
6.314774
5.92136
18.16825
7.195988
4.308987
5.227125
4.851644
6.768266
9.349462
9.336298
6.30311
6.327933
5.384159
21.93144
13.82462
5.684017
8.307569
4.19371
11.33346
16.10594
7.385479
6.395544
6.51603
9.790798
10.52672
6.425026
6.39706
6.894284
3.120999
6.858202
6.263805
12.19115
5.874467
10.69625
7.49722
9.517226
5.488222
11.7184
5.404909
5.402815
5.118074
8.998225
10.44153
7.888054
8.384827
14.42341
7.027571
7.984936
11.80921
20.92562
3.934646
9.451893
10.87729
6.340385
11.25555
10.97239
8.467106
8.843845
6.582336
8.583654
14.46486
5.074978
6.043442
12.85386
14.47031
7.151891
11.22788
12.81539
5.846938
9.734371
8.304068
10.50573
8.8154
18.40559
7.574548
4.497118
12.07384
8.442137
8.680954
5.239112
10.55483
5.653608
8.551263
5.014562
5.28453
9.126163
5.339595
6.304412
7.21907
6.532623
13.31654
4.832188
5.253858
6.053686
4.23533
5.737381
5.987477
4.320712
4.396378
4.849138
5.760838
9.534835
12.58241
6.936107
8.21859
4.793513
6.099913
5.336853
7.221343
5.230247
13.58504
4.780325
11.19455
5.699515
6.694906
6.189592
6.04146
6.860429
7.293852
7.536612
6.545892
8.088028
9.317081
5.070904
9.298446
9.292579
9.213286
8.312837
7.27422
10.35644
15.18987
13.01576
6.26776
6.670603
3.550372
6.148322
6.528411
10.22072
11.27889
6.870803
6.476644
7.740417
5.73402
7.558742
6.459364
9.877258
5.18148
6.770284
10.14037
9.843311
7.052834
10.73036
10.63152
11.02334
8.609518
5.145644
6.567318
4.285662
6.497947
18.57218
6.544735
9.078972
8.40293
7.095447
6.2557
14.50368
9.163131
6.857693
8.907566
7.03889
6.694692
10.70654
6.11785
11.52263
7.048142
5.475664
9.861453
9.921184
10.37195
9.086094
7.109798
18.96278
6.573238
6.027802
21.31288
8.785858
9.729589
13.47048
6.273028
9.695367
10.68846
8.046718
6.235329
21.92538
8.472361
5.210795
6.780632
8.066046
5.54168
6.937297
3.43991
10.27029
4.842749
5.504618
4.840935
8.428358
9.611017
6.394012
8.991541
10.82604
11.20634
4.955418
8.105303
11.28629
11.16389
8.744287
5.792632
12.91592
5.693592
6.980801
7.072359
4.302981
8.593571
18.8498
7.637867
6.638035
5.615864
5.330528
9.348784
7.769816
6.627426
9.288748
11.25123
8.229993
10.50341
17.13221
8.22362
16.53727
6.556871
6.555946
8.746341
5.19053
15.94762
13.48305
8.804253
10.55503
9.591008
3.982791
6.268856
8.709317
15.5713
6.897603
13.67746
10.4042
7.68493
7.610981
10.46611
8.715113
13.34406
8.439439
4.818948
9.327864
7.167159
5.658467
6.888465
8.634986
5.739506
4.871947
7.961016
10.71648
7.957755
11.6324
7.746833
8.904089
5.397772
9.896822
11.11238
5.293427
17.96197
4.887472
4.827388
8.335638
5.163998
15.54156
8.634857
9.714619
4.477145
6.276885
9.210681
15.28989
11.69666
4.53467
6.539357
16.42084
7.558011
6.56527
8.956937
8.590997
8.661437
10.06603
16.14788
6.401911
4.525028
5.394425
7.429192
8.408126
7.341077
6.283273
9.3162
4.329192
7.829418
5.477981
10.99126
9.282739
8.084622
7.848897
8.037204
8.681806
9.848407
6.899603
12.70568
7.717188
8.713134
7.980333
6.283472
11.55619
5.779317
3.496927
8.150117
13.55859
7.371008
5.265916
6.778102
7.777013
9.390238
6.047357
6.893646
9.753513
6.385355
6.779393
7.03677
9.20109
11.31657
10.15569
13.25347
5.501504
11.8242
7.735242
7.75016
7.767731
7.582302
11.2928
6.988387
6.705597
7.839717
20.09355
14.39071
18.27419
4.570419
6.371939
6.219438
9.532582
6.276341
4.941219
18.66826
11.99867
4.552477
9.548583
4.540807
5.800046
7.384211
8.914409
13.12914
17.05156
13.55013
6.948382
7.763669
6.154264
9.210734
9.122952
10.21713
11.5506
8.161996
6.27687
16.44687
14.00845
5.913802
6.803074
14.73967
10.33293
7.477884
9.427557
7.812434
7.251609
8.645332
5.952774
6.847074
8.34228
10.59867
9.337506
6.057278
21.22811
6.334603
7.429505
6.621759
10.65448
5.669749
6.095039
11.56273
7.633326
7.801975
6.788586
9.381289
7.998021
12.83267
17.80681
4.572064
8.815577
12.85821
13.0527
6.928773
6.110847
7.922317
6.250645
4.815063
12.48557
9.386068
5.236657
10.74433
7.830554
16.31005
14.90168
12.90306
13.64059
7.455371
7.309736
7.991185
5.21909
10.06675
5.487486
7.650462
8.456403
5.460105
4.498467
8.185122
10.81867
5.769826
12.40397
7.89794
18.90631
8.666534
4.412556
21.11419
6.105348
25.34795
16.04454
9.585111
6.323707
5.309164
5.102405
16.20687
10.35983
6.274874
16.1713
7.053215
10.52618
5.423616
9.679073
9.394877
8.29438
11.345
5.99425
10.0892
5.897142
9.115875
11.63574
6.796682
12.33636
15.1265
7.665031
6.180636
5.619761
15.48982
10.15942
5.845215
9.090123
8.379142
8.615406
5.328881
7.397135
8.668528
24.21646
11.06702
12.49097
10.64337
5.428037
12.92358
6.925336
7.355341
12.11375
8.67752
5.508296
5.369037
7.067192
5.45253
16.08827
7.469848
11.06795
5.233989
8.708162
10.41139
7.414246
4.059242
8.42758
7.130096
6.451461
16.39601
4.921159
16.27495
11.98296
9.208106
7.362476
9.425044
7.332672
10.36714
8.926353
10.20405
4.939263
8.04103
10.72883
6.538875
14.0548
7.552021
6.004863
3.299474
14.01065
13.33201
9.007972
8.723177
16.27006
7.885023
13.87131
6.333597
6.59283
11.70695
9.972583
5.538255
7.482919
11.4809
13.68763
6.082976
14.18061
4.820779
9.819433
22.9399
9.491336
16.93162
10.32656
13.10923
12.05007
6.424192
10.96723
5.218218
6.394104
6.104127
8.436991
7.826318
10.15089
5.327507
11.54709
4.72001
6.175756
16.08545
8.695501
7.489022
8.800818
10.45401
10.94036
11.01997
8.991207
8.941134
9.14218
4.83539
5.026892
6.350961
10.38648
6.665316
5.72878
8.39879
6.119415
9.87503
8.804663
6.453309
11.32166
13.06308
14.14729
10.75059
10.89166
6.571424
6.971971
6.558642
4.988139
6.367452
8.963478
6.255991
9.21228
9.014197
5.280653
10.51807
15.30011
5.44113
4.74181
7.09724
7.549285
6.587647
13.84017
6.123375
5.954215
9.386029
7.868971
4.989368
7.72171
19.24391
7.952569
8.017522
6.289751
8.469093
8.13023
7.115286
7.088331
3.826175
5.990444
4.941185
5.837923
5.98475
6.849406
12.67742
13.47254
7.37676
11.70767
8.264056
14.48447
19.69732
7.838566
9.327068
28.98606
7.102647
5.233985
7.572077
5.909135
7.335181
6.438646
9.360805
6.980896
4.293463
3.432604
8.060069
11.65622
6.778776
6.499145
5.282945
9.185147
5.408626
7.005838
6.470761
6.866631
5.888849
7.261098
10.64938
10.31068
7.674911
10.07383
13.35782
5.73459
7.158678
5.237798
5.248398
13.75288
6.396566
9.495123
11.73425
14.19016
12.91596
16.4203
6.522667
11.17178
6.465277
5.672251
10.13894
14.56064
6.776123
6.594168
7.806625
6.106683
7.401031
4.49141
10.24767
19.18743
9.146428
5.807234
10.96584
5.447622
5.94901
9.146685
5.519455
9.140108
5.178502
7.689226
6.81628
8.002144
6.338879
9.110591
9.899771
5.30738
7.298765
11.31392
4.872749
3.37107
15.19518
6.240214
11.76545
7.653338
14.79688
6.466173
9.223591
10.63545
7.310479
7.762548
9.422203
21.00109
5.505618
10.12752
4.944966
6.044134
12.00879
8.719007
5.552358
13.34991
15.22109
5.542919
7.431631
7.779121
4.639283
17.86359
4.931123
6.265844
8.572917
7.493022
3.977106
12.46525
12.38061
12.8563
6.216324
10.10091
9.344393
5.535826
13.39239
13.20831
9.372794
6.812399
7.594114
8.308378
5.750568
5.363108
11.6014
10.34983
5.869605
7.927014
5.2475
7.45105
6.97052
10.21661
6.498465
5.216635
6.611467
8.031355
7.34708
7.155625
9.166684
6.842759
6.276454
