6.700883
5.215937
17.41839
6.039065
6.246105
5.159183
5.280433
8.553936
32.88493
14.58375
15.31213
10.38254
3.361999
12.92662
12.61408
7.825319
9.466021
8.996713
8.239767
7.461347
11.59386
11.74905
13.60414
7.647871
6.376199
6.552862
6.700419
7.232552
7.659681
5.606588
6.625237
26.1384
5.604864
7.880836
9.035886
9.518098
8.949342
10.04269
7.47014
10.28949
5.013209
7.657489
10.79566
8.223586
4.900981
9.523095
6.13425
5.722051
9.239561
11.13626
9.564932
13.89234
5.886791
13.64588
7.252787
22.08025
5.233024
7.569521
13.77646
14.42771
7.087084
10.95036
5.403287
7.151095
5.134552
8.231159
7.09538
15.51708
4.784092
4.591384
8.065757
7.21566
5.695027
9.418699
12.19038
11.17659
8.477698
7.406828
10.11636
25.05299
10.61723
6.177061
8.700197
11.15969
7.350587
9.058114
6.721482
9.603459
11.50807
15.72595
4.587273
6.876922
9.393346
9.262758
14.67781
6.355158
9.468246
10.73522
8.776748
5.182275
5.395169
9.742635
4.631581
11.49801
7.10848
12.63369
10.24533
10.41383
13.798
7.568884
6.055752
6.793385
8.236744
8.519819
5.015822
8.038062
5.00274
5.515071
7.363487
6.370398
7.534708
11.85598
7.683106
7.845315
15.18639
6.187689
8.638051
8.576894
13.86907
5.881168
6.399169
12.5109
13.18586
4.752655
14.52618
9.33034
11.08273
4.673003
10.34141
12.58906
7.053677
7.365111
7.886454
7.735011
15.22688
7.06508
13.7415
8.427243
7.043687
9.615496
6.822897
9.697007
10.90423
7.652967
8.666672
5.580275
9.173036
7.77954
8.945019
7.197554
8.671023
6.93516
13.52824
8.80707
8.671649
10.00885
8.742415
7.233331
11.40934
6.630268
9.682254
8.832403
7.722449
13.2497
7.662708
6.395251
6.541546
6.914845
21.10826
11.98601
5.082774
10.49357
18.48492
7.916232
7.585077
6.7482
8.823118
9.732918
6.771725
6.367259
10.97164
11.50862
8.218706
12.3077
7.847969
9.221094
5.83247
6.653647
9.023872
13.49021
6.962011
12.3857
4.587036
9.39239
7.843418
11.70477
7.45231
16.11571
10.22588
4.858171
13.6056
7.078278
7.867296
7.260059
19.43271
9.184525
12.46332
9.162556
5.643259
9.061933
5.888784
6.52326
7.747836
10.06262
4.382568
4.999309
8.419828
10.9083
5.643938
5.341218
13.86632
7.350265
8.824408
10.78327
8.150913
5.410697
10.6204
13.36231
10.58804
10.18236
5.870742
9.027581
6.81368
9.267944
10.43288
4.247542
5.310169
6.596275
5.416132
7.771778
8.206682
12.42293
9.206286
7.013989
12.59114
11.0963
8.939278
10.0147
11.74741
12.33924
6.430007
6.945168
8.83494
4.567171
17.95502
12.21755
3.696661
6.832533
5.960568
7.852034
4.70689
8.758889
9.276268
12.70315
7.189585
17.83681
8.128809
7.86774
7.331665
12.04
7.41062
5.456484
5.734119
9.439933
9.739487
10.6305
12.30567
7.984005
5.765994
11.48122
6.71728
4.99929
5.182744
7.351624
4.776994
7.296314
6.987521
6.281434
5.916367
8.530299
7.290788
5.231746
5.60479
8.888441
15.55175
6.527713
15.04944
15.22342
8.681888
9.063573
11.43884
8.988046
6.176744
7.963219
8.208403
31.44492
5.237024
6.041959
11.15894
15.59687
10.42209
12.48929
7.740609
4.238953
10.08633
4.485557
11.25732
12.48186
7.598772
7.894265
7.27849
14.52786
7.44585
8.804451
10.67154
8.825602
7.013438
6.922469
6.221938
4.877146
8.917585
7.823707
12.48262
4.507498
6.268275
12.28275
7.175731
3.601352
10.10086
9.520836
16.04627
7.798139
8.517086
7.646671
4.132994
8.961264
7.075325
11.76891
10.74409
12.35658
5.487498
7.310843
6.6396
9.868161
8.181729
9.572612
13.42674
5.848838
8.006222
8.402079
6.844674
7.398251
4.053521
7.521973
8.300977
14.81035
7.907861
6.347324
6.010458
6.038437
9.71566
4.754779
5.326228
10.18894
8.348143
7.68084
8.951733
7.010523
8.647205
9.901242
10.94091
7.914735
6.607039
11.56139
6.768633
5.040848
8.426855
8.842737
7.072139
6.995608
5.535314
9.121813
5.709061
7.529968
6.977707
11.87441
7.692308
8.511977
8.687883
8.143749
5.419093
10.34584
9.097075
11.03991
8.684
12.30692
13.31119
4.691676
9.336019
9.417273
5.327695
7.081312
3.299595
9.220336
6.590688
9.818389
10.09121
8.071865
7.065925
7.893404
9.776464
4.082212
16.11328
7.988941
19.2364
10.68092
6.624483
13.26733
7.657001
6.057928
8.922872
4.060945
7.866421
7.189931
6.572742
13.14241
9.34929
11.75083
9.377296
5.8289
18.58733
9.117929
6.468981
7.352985
14.45036
7.472639
4.33724
8.05286
7.751218
16.45348
6.869591
7.324896
12.38115
10.89731
5.214542
9.032212
6.744265
7.822839
7.02507
11.36232
6.228857
12.12616
7.94101
10.23668
14.90494
7.167122
9.866167
12.52805
8.078405
7.940593
6.788173
10.80109
10.34673
6.117879
12.46183
23.10184
6.258484
5.772791
13.85582
9.590202
10.34952
7.228847
6.861056
7.929623
7.644481
6.655928
6.474267
6.601149
7.180779
3.45892
6.057553
4.911275
7.791822
10.12514
8.753745
8.055031
11.48412
7.294386
9.679984
8.019407
9.339382
9.364555
11.67257
9.826298
4.62041
9.762943
7.226474
8.401436
13.20276
11.76152
7.871976
9.271774
11.44598
5.836274
7.257599
6.264303
8.538694
6.106345
8.047339
6.890675
8.130789
5.980053
12.4901
6.77328
3.55905
12.35698
5.160911
4.925707
7.96844
9.501035
6.952475
13.05177
7.300708
5.762272
15.60727
12.73958
8.580455
8.28988
7.857755
18.78833
10.52143
10.17184
13.91254
8.180068
5.101439
5.507069
5.350417
5.396075
8.091808
11.11441
8.57098
9.089643
6.376895
6.142828
7.361169
9.887421
6.871374
5.535808
8.985681
5.386697
4.685506
6.141199
5.953928
7.823957
12.46087
9.353959
6.744556
7.168158
13.39791
4.707813
7.742426
11.76801
10.80369
16.64889
9.365214
14.01959
7.610138
10.04274
14.67788
9.427818
7.760965
5.162669
13.74864
5.819894
11.326
6.18055
16.34358
9.199244
5.309037
12.56423
6.926779
9.703553
9.440522
10.19064
9.356011
8.627996
7.607997
4.030333
17.63058
6.959697
5.54112
11.24101
6.944208
7.401785
16.10027
4.671253
5.013282
8.947712
8.527383
7.678218
8.425949
10.69228
6.386085
13.44014
13.19337
9.920674
5.642929
7.714835
7.515228
10.11715
8.787349
9.449654
13.6101
5.142255
5.702348
7.027571
20.53682
10.536
6.734799
9.273311
15.09818
10.9023
11.73648
9.067517
5.349779
7.922763
8.870769
7.439249
11.7955
4.258614
8.827037
4.124664
12.07746
8.272742
9.587091
6.487113
9.281912
6.895942
12.03369
24.39449
11.12993
6.311719
6.183184
9.391999
11.74631
4.125649
6.658763
9.999238
8.074088
7.271789
9.968232
11.99848
4.743148
5.123853
10.12169
4.08717
5.240598
10.12963
9.915841
6.705479
6.766919
10.89686
8.427899
20.11998
5.008929
11.19936
5.221988
11.85913
20.84246
4.887577
4.741361
6.291884
4.768904
6.137046
7.944132
10.10347
18.11715
10.55052
4.522706
6.447703
5.480721
7.812245
4.421172
12.452
7.862787
8.158336
11.02046
11.53534
5.494448
8.36476
9.246963
12.70293
12.89107
9.330652
5.847412
3.917553
15.22675
4.604541
5.319305
10.56879
8.395443
10.00571
8.120943
6.691972
7.928569
5.631129
6.285906
10.39908
11.03156
4.533519
16.04694
12.03272
9.289113
32.37645
11.19539
10.43184
5.047079
8.032431
12.22773
17.11721
10.42076
7.728826
5.210127
5.411685
8.15838
5.847486
6.871665
9.719004
8.86382
6.726741
10.82896
10.04761
7.518008
8.680693
8.61875
13.40519
12.44182
14.6265
6.633713
4.577132
9.591902
9.268688
12.55418
10.19193
6.639794
6.44635
9.088722
7.267824
3.867114
8.188865
4.918956
6.041274
11.85709
6.276576
10.5119
3.850737
9.817824
42.38908
9.076264
4.288759
14.66088
4.13192
12.59892
9.812935
10.20966
4.51001
6.711749
11.53055
7.597359
6.111806
5.862126
9.687662
5.809513
6.280655
7.382411
16.88059
7.921748
10.39916
12.30919
6.289197
7.232727
8.721923
9.546142
17.10739
6.584443
15.49225
7.901341
6.717414
5.806509
9.798687
10.99941
8.576762
9.123059
8.189456
9.684413
16.51675
9.62828
7.507519
5.956766
8.221135
11.23448
8.535658
7.589544
5.423718
11.79241
20.00754
11.06192
4.506563
5.358575
12.38705
7.606483
8.144649
6.629753
10.02479
7.713631
8.623931
7.773024
10.72288
7.80115
4.242439
4.196973
5.737528
7.392839
8.102896
12.48331
13.54744
5.592718
7.262137
6.541674
7.608561
7.821567
9.9525
11.14825
6.720088
7.623013
5.294415
4.968529
7.488489
9.030595
8.041692
6.095887
19.1347
8.483607
9.595425
7.96736
7.868639
6.863228
6.927398
9.866249
7.834436
7.833138
7.854116
5.531907
23.04664
7.465497
7.190472
8.005623
12.26547
5.191559
29.9268
7.50453
12.60141
6.879972
9.107646
7.638418
9.319146
5.970073
10.24969
13.37707
5.065789
4.952905
13.82917
7.419264
14.47796
8.231509
4.235788
11.2395
11.36756
10.87532
5.393908
5.843622
9.402124
7.082303
9.066972
8.192676
6.798667
7.589345
6.690613
12.42108
10.3845
10.58397
10.95075
7.632432
10.61148
5.0894
13.13979
8.211985
13.11546
13.45486
6.60219
10.81255
7.127816
16.00613
4.973442
5.236055
6.029518
9.740979
9.197241
5.648511
8.111829
8.00952
7.52781
6.384795
10.9349
6.881084
12.83479
3.55519
9.328225
9.337884
9.391458
11.94896
5.799707
6.661488
9.324461
8.556357
10.83859
8.514614
4.182033
8.439944
6.143967
15.07111
8.981558
8.849876
4.690336
6.385184
7.787277
13.84058
9.949071
8.043993
9.084336
5.363169
6.496918
8.779384
11.79189
9.788827
5.942797
11.93856
14.90483
9.543684
6.407375
5.147751
7.571026
8.346257
5.904959
9.425691
7.584206
17.24618
13.28662
9.598143
10.98509
5.052923
12.00066
5.228906
10.32037
7.927283
4.781449
7.138562
11.85724
4.448596
5.721082
9.546953
6.283978
7.056221
4.246947
6.23975
5.293565
13.40502
12.06075
3.753153
10.16719
5.595324
10.81079
13.24478
9.687594
7.68796
17.82875
7.90654
7.606063
8.758962
7.642997
10.54876
6.316281
10.92614
9.2551
8.7661
7.408796
11.39883
4.775369
13.96969
7.351646
7.576141
4.830164
9.732555
4.932344
6.698218
6.157725
10.59588
7.741005
11.81078
7.322712
8.34036
8.702584
8.182023
7.680047
4.183271
6.466459
8.785357
10.52332
12.3586
8.387502
5.873371
8.041263
4.340688
6.716865
8.191264
6.280174
10.74294
7.069035
11.96158
6.265925
10.42379
6.09977
5.338737
6.536316
12.15665
3.348851
7.628207
22.49489
9.938151
7.722739
7.836566
5.03587
8.244809
6.749235
10.20375
8.039986
12.41842
9.967482
11.16493
5.355111
7.716398
4.979464
7.398671
11.58829
7.420632
6.101392
7.129382
7.85471
21.55033
14.04695
11.73921
10.37448
4.840788
8.337902
9.077229
13.9262
15.37448
10.46374
6.65568
6.90685
7.896214
3.687753
8.210837
8.12106
9.730236
12.086
5.338557
11.13152
10.82345
6.363275
9.48326
10.43602
13.67628
5.068574
11.87273
9.748536
7.04664
7.157378
7.433046
6.963451
8.504845
5.484667
7.423748
10.55673
13.23842
12.64289
4.2892
13.71533
6.415298
6.271828
7.621423
10.92057
9.192497
6.164383
11.83854
4.911287
5.456721
4.978133
11.23964
6.132035
12.11181
7.247895
17.74427
7.412491
16.03773
6.089056
10.22658
6.483817
7.673345
16.49433
9.659124
6.317956
11.81112
10.55134
8.258939
5.965011
8.490108
5.216908
6.625878
6.850427
8.440067
6.349982
11.86151
6.552802
4.414977
6.678247
4.653534
6.490228
5.142841
8.778191
6.775226
10.57989
5.197467
6.605122
3.976653
10.08325
6.611321
7.392029
15.14217
7.629348
12.2108
10.03516
6.338527
8.333411
3.235321
6.995884
8.13085
7.122259
10.93682
7.206988
6.342191
10.5094
8.596217
11.83376
8.033806
13.3312
7.895591
9.669725
7.864198
10.07045
5.506249
7.399652
6.860838
11.06204
20.84845
10.06203
6.459076
12.57408
27.32012
10.02942
