1.75867
1.747146
1.521118
1.649295
1.713094
2.015563
1.91697
1.766732
1.64237
1.747502
1.909848
2.176981
2.118054
1.765013
1.636502
1.608802
1.515905
1.487967
1.512512
1.40362
1.41886
1.620816
1.480832
1.792836
2.140894
1.718767
1.858511
1.79012
1.792619
1.868829
1.734346
1.701468
1.664722
1.812596
1.872479
1.664366
1.611019
1.479767
1.76842
1.595432
1.834967
1.802601
1.602188
1.652213
1.926061
1.76262
1.798494
1.935019
2.009868
2.018315
1.710484
1.774806
1.358672
1.337587
1.444512
1.560432
1.61218
2.143521
2.035532
1.879222
1.659031
1.515542
1.819922
1.690397
1.666637
1.480668
1.420445
1.564235
1.332441
1.286861
1.371268
1.368872
1.357001
1.491009
1.752396
1.86462
1.654036
1.694857
1.876933
1.717491
1.537692
1.632795
1.656373
1.873194
2.042999
2.1311
1.983549
1.646617
1.679708
1.605203
1.908481
1.779246
1.788724
1.81724
1.530244
1.783673
1.691333
1.962887
2.012066
1.891264
1.552636
1.600698
1.456524
1.752786
1.789976
1.564483
1.791855
1.525935
1.469707
1.516213
1.676539
1.444645
1.546543
1.703086
1.715543
1.641881
1.712744
1.515425
1.378842
1.603679
1.558895
1.647379
1.587508
1.733734
1.852106
2.0082
1.855814
1.88552
2.05789
2.126035
1.957527
1.711836
1.521416
1.448219
1.779355
2.194713
2.148595
1.993079
2.09982
1.678698
1.78672
1.817519
2.051128
1.835037
1.928221
1.73931
1.545788
1.457083
1.365973
1.423192
1.555343
1.340116
1.34524
1.412595
1.596043
1.749275
1.925444
1.69196
1.56715
1.635992
1.605801
1.728397
1.811612
1.773332
1.789123
1.809119
1.990399
1.604396
1.674517
1.46064
1.672314
1.880198
1.675971
1.952692
1.914205
1.854263
1.738265
1.883943
1.887561
1.793292
1.743701
1.791024
1.845999
2.123069
1.674755
1.517832
1.77345
1.644541
1.722972
1.697992
1.922624
1.892991
1.849205
1.667251
1.703606
1.541206
1.734326
1.711474
2.04401
2.259432
2.053314
1.921176
1.55436
1.633155
1.469603
1.785134
1.896793
1.619758
1.72241
1.505558
1.529148
2.065807
2.072446
2.008544
1.645264
1.750487
1.665988
1.754557
1.499486
1.424178
1.685123
1.354689
1.351991
1.331877
1.40489
1.573265
1.800089
1.553554
1.532438
1.739287
1.509117
1.561992
1.650313
1.389657
1.596714
1.875982
1.903858
1.908157
1.832158
1.688072
1.697382
1.686582
1.590641
1.643613
1.720291
1.523187
1.374272
1.437693
1.204434
1.570883
1.791336
1.38816
1.29575
1.20448
1.454716
1.266439
1.467683
1.564738
1.443028
1.450894
1.419502
1.811855
1.958062
2.124992
1.837908
1.913537
1.978272
2.118671
1.522924
1.747942
1.788379
1.684573
1.735725
1.603243
1.446035
1.604092
1.708443
1.737662
1.900624
1.825951
1.704487
1.664581
1.664916
1.517588
2.06224
1.777403
1.646992
1.445216
1.529142
1.680146
1.513334
1.651614
1.695432
1.704821
1.587013
1.538271
1.466614
1.698702
2.011837
1.652964
1.368914
1.472697
1.392221
1.311811
1.226309
1.44427
1.365996
1.386116
1.713103
1.499314
1.508591
1.450202
1.566077
1.658724
1.516355
1.335651
1.691987
1.509324
1.535415
1.518871
1.591068
1.732997
1.833914
1.895024
1.693282
1.606571
1.668991
1.63609
1.80632
1.771918
1.525355
1.408347
1.337898
1.611158
1.820746
1.473033
1.295917
1.303672
1.439358
1.358152
1.379076
1.556398
1.614614
1.731705
1.564011
1.59098
1.464959
1.351051
1.554181
1.685386
1.500322
1.582621
1.800349
1.587388
1.77429
1.64912
1.925163
1.546139
1.610135
1.642527
1.415636
1.469833
1.308354
1.563084
1.781181
1.792331
1.429521
1.692829
1.543774
1.489864
1.320562
1.60774
1.771244
1.620328
1.668691
1.826491
1.924436
1.975076
1.847083
1.654239
1.682017
2.028601
1.861612
1.764549
1.746937
1.95297
2.141626
1.785718
1.89753
1.617994
1.66476
1.840312
1.537203
1.754955
1.529867
1.838172
1.68232
1.922232
1.81724
1.947877
1.983889
2.181006
1.574338
1.748335
1.504449
1.372932
1.49863
1.339769
1.407604
1.472261
1.462647
1.555956
1.27417
1.253579
1.559905
1.641988
1.931447
1.806792
1.588039
1.687157
1.440869
1.508834
1.702852
1.692807
1.685147
1.505151
1.723907
1.695842
1.702977
1.485858
1.486268
1.580774
1.701693
1.528481
1.291636
1.355375
1.515491
1.637903
1.747436
1.599552
1.747834
1.587986
1.519048
1.440796
1.516922
1.432988
1.842121
1.816666
1.693349
1.626697
1.805002
1.554661
1.63326
1.763434
1.661141
1.90693
1.805629
1.905959
1.70413
1.866815
1.704964
1.726469
1.754886
1.776426
1.821751
1.888251
1.683614
1.515693
1.835416
1.690718
1.27389
1.784923
1.653376
1.678329
1.754364
1.96284
1.892562
1.853662
1.785388
1.626678
1.646853
1.616195
1.462795
1.546469
1.622263
1.916873
1.811192
1.861087
1.873909
2.034934
2.088193
1.971755
1.564549
1.472401
1.773306
1.564541
1.78672
1.529479
1.551831
1.293435
1.654773
1.686739
1.718855
1.576079
1.611857
1.574545
1.563959
1.680129
1.739048
1.650368
1.641584
1.787553
1.639214
1.851418
1.734171
1.773726
1.752692
1.519621
1.830032
1.344432
1.275714
1.82558
1.839029
1.788374
1.744335
1.272573
1.36809
1.660696
1.716437
1.51629
1.493748
1.722109
1.942164
1.974299
1.9379
1.697511
1.511402
1.866892
1.877178
1.677508
1.745303
1.560066
1.655958
2.008155
1.699481
1.767233
1.571714
1.945858
1.615812
1.614269
1.503231
1.535014
1.676226
1.550011
1.96155
2.225703
1.629175
1.74963
1.886233
1.780713
2.078244
1.723471
1.860346
1.713307
1.481082
1.65355
1.494382
1.570704
1.635577
1.411573
1.455075
1.791061
1.637953
1.560128
1.65464
1.686162
2.094165
1.986395
1.734787
2.073927
1.641071
1.965715
1.827892
1.44016
1.337106
1.706135
1.371913
1.581327
1.480612
1.763024
1.761443
1.685554
1.862299
1.764875
1.487185
1.498952
1.494698
1.569077
1.332206
1.665276
1.800144
1.42702
1.576099
1.923324
2.037952
2.395508
1.7695
1.93127
1.768603
1.70998
1.859539
1.739496
1.692182
1.577027
1.576449
1.509877
1.345602
1.536291
1.712527
1.674507
1.702661
1.981569
1.632729
1.69356
1.665714
2.135958
1.999949
1.636072
1.515246
2.014962
1.724271
1.686169
1.816639
1.452955
1.461283
1.573374
1.831124
1.630577
1.625089
1.428479
1.324262
1.770178
1.89934
1.899277
1.896478
1.741013
1.782936
1.634088
1.429916
1.489855
1.348417
1.237825
1.289998
1.512192
1.546606
1.683598
1.698942
1.686403
1.553174
1.548468
1.533434
1.989154
1.82336
2.061781
1.858845
1.999766
2.035689
1.789089
1.966861
1.638281
1.621398
1.548972
1.533167
1.856275
2.046319
2.298742
2.198131
1.761128
1.722343
1.74108
1.774195
1.74346
1.440205
1.427998
1.590715
1.693016
1.649527
1.911955
1.792501
1.886388
1.854397
1.662883
1.932759
1.712466
1.523383
1.581874
1.48152
1.13911
1.576491
1.578454
1.591605
1.635197
1.79775
1.537752
1.650607
1.860006
1.995347
1.959705
1.518015
1.790467
1.517035
1.682128
1.613821
1.345623
1.282211
1.741309
1.791393
1.777087
1.906664
1.954314
1.745503
1.936021
1.897302
1.671597
1.8565
1.711567
1.577163
1.468192
1.467471
1.791738
1.70154
1.725851
1.754624
1.662271
1.956695
1.894889
1.752223
1.849445
1.684135
1.821639
1.903341
2.020361
1.796014
1.699954
1.746938
2.049271
2.227127
1.940962
2.231477
1.979433
2.006916
1.738533
1.829452
1.737162
2.013668
1.616415
1.836643
1.647983
1.522256
1.76026
1.472704
1.774084
1.540291
1.580257
1.531089
1.479393
1.580899
1.488292
1.695561
1.723228
1.635919
1.469894
1.602207
1.724409
1.673723
1.627884
1.685778
1.788889
1.612064
1.758852
1.597073
1.86169
1.712317
1.6697
1.687404
1.771228
1.764595
1.750908
1.946509
1.631309
1.656161
1.818586
1.761144
1.894383
1.865298
1.913301
1.920516
1.966075
1.612649
1.870942
1.553491
1.518029
1.426884
1.657091
1.576121
1.779435
1.933513
1.860851
1.74351
1.508279
1.702091
1.967497
1.64749
1.483692
1.179579
1.282871
1.365697
1.44935
1.438081
1.328256
1.68226
1.495728
1.390327
1.695792
1.545764
1.874594
1.631698
1.628236
2.01855
1.811944
1.657146
1.922903
1.671387
1.47668
1.654553
1.542508
1.620676
1.571851
1.459712
1.411731
1.448248
1.577134
1.578873
1.563229
1.723293
1.464
1.769763
1.687205
1.66762
1.461563
1.310345
1.168352
1.380699
1.489362
1.573006
1.672055
1.770672
1.508781
1.642419
1.503971
1.564261
1.674292
1.366722
1.34885
1.617551
1.549123
1.594701
1.445386
1.636104
1.614266
1.441421
1.350669
1.24783
1.502628
1.679159
1.589021
1.700324
2.39243
1.945836
1.777548
1.683337
1.527495
1.555966
1.591817
1.774335
1.989727
1.668599
1.710693
1.617532
1.506793
1.634458
1.683365
1.474016
1.350462
1.514518
1.658043
1.811059
1.601296
1.576375
1.531789
1.715248
1.505809
1.491507
1.335377
1.360261
1.748017
2.111664
1.829004
1.781054
1.907898
1.527591
1.307653
1.575819
1.769348
1.66496
1.574264
1.525001
1.727631
1.888499
2.211042
1.902198
2.045989
1.724831
1.620967
1.58815
1.6217
1.648785
1.359128
1.294251
1.399857
1.84292
1.768485
1.682935
1.428426
1.302912
1.610761
1.295615
1.44849
1.696068
1.836938
2.070981
1.554417
1.702694
1.732797
1.474818
1.572936
1.575143
1.733416
1.610504
1.704947
1.400202
1.370208
1.325281
1.399287
1.251836
1.525826
1.429493
1.634444
1.889658
1.63612
1.565516
1.626136
1.503934
1.309321
1.39879
1.756991
1.559082
1.451238
1.541907
1.697408
1.646569
1.586687
1.564364
1.532734
1.596053
1.678313
1.495393
1.513074
1.80785
2.105775
1.779141
1.832111
1.795277
1.688397
1.808882
1.888554
2.248785
2.221605
1.793247
1.663298
1.509847
1.813842
2.008485
2.008201
1.790465
2.013289
1.948026
1.933104
1.838587
1.605707
1.656795
1.729236
1.66434
1.989007
1.758295
1.834865
1.76257
2.002725
1.838835
1.875025
2.033247
2.031111
1.821957
1.670506
1.731406
1.535975
1.974932
1.93968
2.196758
1.875027
1.535135
1.780685
2.171946
1.846442
1.670576
1.585245
1.678187
1.683965
1.779717
1.653414
1.582162
1.45243
1.462961
1.807833
1.89993
1.788667
1.60483
1.586533
1.60875
1.347255
1.702013
1.684901
1.738551
1.49588
1.421821
1.500152
1.319557
1.337369
1.752487
2.144096
2.146121
1.571501
1.699586
1.643289
1.82311
1.940865
1.919689
1.770335
1.432878
1.349969
1.484053
1.512029
1.719059
1.708373
1.892016
1.815542
1.819218
1.787556
1.802232
1.915085
1.66982
1.828068
1.352722
1.613696
1.632761
1.740112
1.984146
1.760354
1.834036
1.660092
1.858106
1.742771
2.009402
1.825464
1.692407
1.896794
1.525946
1.743373
1.547365
1.453059
1.514705
1.439102
1.771987
1.57685
1.537117
1.534726
1.425386
1.76703
1.499175
1.78644
1.603704
1.929846
1.43666
1.561417
1.402975
1.563935
1.591294
1.447862
1.708538
1.697259
1.446368
1.531902
1.672531
2.147918
2.191632
1.89588
2.058281
1.926869
2.186107
1.906483
1.902181
1.628428
1.639182
1.448518
1.662105
1.760309
1.620612
1.737411
1.783438
1.619076
1.671064
1.759252
1.858139
1.560212
1.60714
1.766655
1.626085
1.699397
1.783093
1.473964
1.66201
1.605679
1.694267
1.821154
1.680737
1.867436
1.878136
1.826517
1.766676
1.715791
2.075756
1.914784
1.874543
1.818907
1.567051
1.966758
1.763256
1.532095
1.672815
1.728726
1.472199
1.710267
1.535165
1.966602
2.080499
2.014474
1.820343
1.803564
2.024699
2.005977
1.759704
1.43157
1.643933
1.91974
1.487977
1.48126
1.404358
1.24158
1.481723
1.327841
1.356721
1.629783
1.627919
1.479667
1.35258
1.527772
1.492478
1.677405
1.565965
1.608099
1.544906
1.448285
1.346961
1.53366
1.666788
2.035872
2.410598
2.054109
1.913362
1.590106
