2.491538
1.314347
2.029783
1.950123
1.854264
1.929279
2.103279
2.058391
1.980103
2.035519
2.006549
2.268603
2.457995
1.962919
1.562046
1.85224
1.971103
1.808058
2.074435
2.105753
1.849814
1.696105
1.9776
1.589851
1.816655
1.851438
2.4562
2.200539
2.345701
1.85826
2.054552
1.327501
2.455602
1.514142
2.634369
2.276685
1.71073
1.393607
1.55208
1.881965
1.862769
1.819001
2.1818
2.15329
2.266515
1.95926
2.415177
2.108575
1.644517
1.276322
1.681867
2.288144
1.631019
2.203831
1.758339
1.683824
2.054621
1.907807
1.721909
2.085521
2.439275
2.146135
2.265949
1.644673
2.050973
1.95851
1.97167
1.984973
2.000432
1.452166
1.906594
1.873105
1.986321
2.151912
2.352342
1.931667
1.576986
2.460409
1.500426
2.146913
1.885322
2.031423
1.627956
2.520336
2.346462
2.230471
2.198687
1.839763
2.471132
1.860441
2.121414
2.176643
1.963639
1.96754
1.872688
2.168709
2.358618
2.102042
2.111197
1.790274
2.05388
1.832709
2.011963
2.05607
1.786087
1.889574
1.903235
2.30106
2.550014
2.432263
1.523003
2.123775
1.934369
2.203403
2.087105
2.181063
1.541823
2.42662
2.530341
1.538323
1.951408
2.2066
1.675464
2.204645
1.638202
2.136408
2.115771
1.802784
2.053063
1.877
1.788426
2.341711
2.29549
2.232359
1.387777
1.891627
2.105929
2.126291
2.540427
2.294757
2.117766
1.835652
2.26051
1.824385
2.533923
1.908942
2.174857
1.986011
1.474206
1.966639
1.728006
1.803704
1.986506
2.015077
2.495499
1.473285
2.153125
2.066941
2.313455
1.89253
1.900946
1.792899
1.922274
2.023423
1.552753
2.046672
1.704259
1.831158
1.937022
1.927281
2.692662
1.547105
2.06355
1.849894
2.877053
2.043359
1.567115
2.06057
1.602384
1.828051
1.993548
2.022907
2.077968
1.811485
1.927094
2.140456
2.188018
1.764044
2.013865
1.681601
1.737314
2.549817
1.863497
1.717064
2.416189
1.447661
2.056956
1.718851
2.394454
1.761383
1.957137
2.201031
2.74074
2.1575
2.48061
1.925555
1.878939
1.505857
1.992126
1.911208
1.941764
2.032902
1.971743
1.758395
1.97597
1.604475
2.117977
1.959261
1.951035
2.264883
1.803991
2.073873
2.332079
1.859095
1.564852
2.099648
2.190461
1.941933
1.502572
2.195376
2.254537
1.839804
1.71704
1.956464
1.732418
2.532761
1.941379
1.887727
1.617017
1.432903
1.586487
2.033557
1.939534
2.279297
1.978148
1.795482
1.751221
1.806908
1.780921
2.193396
2.502622
1.669112
1.763789
1.701869
1.949556
1.642142
2.074292
1.740812
1.941003
1.913327
1.330817
2.043631
2.158127
1.817676
1.997804
2.062985
1.809905
1.603085
1.829108
1.982046
1.963486
1.959389
2.103252
1.879164
2.188407
2.304376
1.685871
1.9826
2.429454
1.699679
2.559189
1.977367
2.122635
2.356503
2.353063
1.871015
2.196274
2.268846
2.024286
1.657945
1.793122
1.769234
2.049256
1.698097
2.029156
2.53702
2.138418
1.622296
1.771303
2.034338
2.128061
1.774086
1.566165
2.023983
2.038131
2.3764
2.20747
1.856766
1.969641
2.064454
2.144653
1.583363
1.735068
1.661201
1.898551
1.47751
1.807775
2.058669
1.572643
1.616068
1.790154
1.800541
2.083334
2.206147
1.937039
1.794035
2.02653
1.801185
2.238863
1.853568
2.538494
2.087775
1.894576
1.788726
1.635914
2.121409
2.171883
1.812466
1.899705
2.137537
1.919408
2.105042
1.891031
1.903138
1.960915
1.428254
1.726371
2.100813
1.836255
1.714782
1.902508
1.769511
1.946352
1.732711
1.60384
2.047291
1.8401
1.961235
3.042473
1.913417
1.89403
1.874196
2.24674
2.048785
1.99403
2.215667
1.711718
2.986525
1.693308
2.435725
1.343461
2.150033
2.296449
2.712502
1.673621
2.215618
1.987876
1.80993
1.985198
1.914525
2.63203
2.393521
1.614006
1.960438
1.699838
2.284031
1.863616
1.797112
1.863857
1.757157
1.854773
2.114979
2.221539
1.706131
1.986723
1.574178
1.971955
2.256531
1.850965
1.429195
2.225781
1.926146
1.77132
2.066425
1.512504
2.008248
1.854959
2.037303
1.794501
1.731824
1.983457
1.67645
1.942883
1.411228
2.239728
1.731843
1.598425
2.074483
1.895891
1.758254
1.502149
2.234926
2.178025
2.201418
2.715454
1.956261
1.778835
1.905356
2.263885
1.966685
1.825899
1.934646
2.322769
2.329483
1.904182
2.089658
1.331019
1.971722
2.109006
1.601037
1.509997
1.993085
2.593375
2.215171
1.721715
1.94856
1.901911
1.771337
1.206553
1.909017
1.643367
1.801532
1.764938
1.746428
2.157277
1.635594
2.174322
2.402201
2.684575
1.830719
1.969885
1.838897
2.226275
2.204313
2.001843
1.959584
2.172454
1.873517
1.97044
2.004642
2.42469
1.752651
1.884761
1.619093
1.633805
2.104387
2.267938
2.530292
1.935956
1.585112
1.949264
1.417628
2.079779
1.576266
2.57273
1.876888
2.055645
1.947215
1.874507
1.966391
1.817525
1.796564
2.053926
2.058809
1.88852
1.730716
1.274418
2.316081
1.4121
2.173206
1.779045
1.950353
2.144754
1.846834
1.923764
2.115213
2.09142
2.317437
1.999502
1.605589
2.054245
1.560847
1.934219
1.86837
1.574298
2.602235
1.726108
2.564959
2.028061
1.2694
2.293137
1.996306
1.998693
2.046162
1.950159
2.166829
1.645622
1.70351
1.447082
2.113282
1.790469
1.846569
1.693145
1.878299
2.389746
1.912237
1.654029
1.82031
2.110856
2.364443
2.48466
2.116026
2.284533
1.982757
2.135473
1.814277
1.839827
1.889998
1.978931
1.666483
1.88415
2.072493
1.84057
1.57938
2.141076
1.76572
2.480777
2.498617
1.831639
2.042503
2.516139
2.15708
1.928509
1.672988
1.760939
2.163782
1.633039
2.223987
2.183216
1.636679
2.446258
1.655794
1.721063
1.982797
2.706302
1.74962
1.810812
2.137799
1.362176
1.63098
1.746099
1.95086
1.557656
2.04025
1.959623
1.562918
1.762985
2.030834
1.838882
1.43534
1.953338
1.88005
1.638344
1.767223
2.074783
1.555023
1.684494
1.863884
1.828818
1.721584
2.094401
2.028571
1.79062
1.61298
1.427301
1.846441
1.839079
2.144559
1.44271
2.014905
2.273903
2.084669
2.050414
1.658296
1.831032
2.045641
1.519898
2.319567
1.754634
2.06643
2.137679
1.714978
2.220347
2.246618
2.012357
1.524396
1.683223
1.666659
1.597084
1.828134
2.072673
2.212148
1.801837
1.746043
1.962301
1.557062
2.376869
1.460321
1.710802
1.670867
1.3885
2.180124
2.314965
2.184582
2.185266
2.214972
1.614566
2.142077
2.640175
2.477318
1.727958
1.960239
1.940418
1.969202
2.171376
1.843248
2.085708
2.547095
2.092593
2.830646
1.945385
2.354479
1.733229
1.420763
2.421092
2.025677
1.61109
1.871011
1.699031
2.306306
1.585955
1.876201
2.335524
1.836287
2.035229
2.246226
1.558774
1.947169
2.111192
2.274895
1.879355
1.972715
1.883533
2.189951
2.098146
1.453272
1.857291
2.267918
1.740168
2.189132
1.904208
2.215725
1.654991
1.700968
1.868474
2.226056
2.074185
2.379624
2.02551
2.306343
1.636445
1.660899
1.86204
1.595127
1.989885
1.631637
2.333245
2.721063
1.698135
2.270745
1.91325
2.19526
1.58986
1.624361
2.096039
2.054574
1.821909
1.652861
1.652778
2.056235
1.83347
1.520755
2.205308
1.467096
1.581084
2.005483
1.676416
2.344438
1.590365
2.295229
1.804469
1.941772
1.661223
1.980112
1.600184
2.028692
1.780591
1.823168
1.915193
2.18676
2.121177
1.795832
2.092017
2.088439
1.896688
2.116583
2.227404
2.472315
1.64666
1.51777
1.930239
1.585129
2.070552
2.204751
1.940143
1.394043
1.816196
2.169403
1.909936
1.506082
2.006979
1.904795
1.665783
1.701462
1.758729
2.181128
1.942742
1.870468
2.041384
2.74484
2.065935
2.245542
1.93223
1.933499
1.541135
2.070813
2.044207
2.299418
2.155195
1.857615
1.962148
1.939077
1.801015
2.077329
1.821896
1.897442
2.057224
2.257738
1.987497
1.909436
1.919385
1.609153
2.37381
1.908135
1.900234
1.899725
2.055122
2.51223
1.644319
2.05354
2.095039
1.740474
2.203324
2.15827
1.893416
2.131714
1.787283
2.597464
1.483488
1.85586
1.542517
2.260339
2.044695
2.234527
2.191485
1.852881
2.134839
1.646261
1.830966
1.852368
2.04268
1.575788
1.838552
1.642795
2.248351
1.770113
2.070761
2.023118
2.330563
2.026252
2.210119
1.485094
1.749
2.208417
1.888967
1.908584
1.874805
2.031961
2.038391
1.943968
2.00578
1.611582
2.104643
1.903443
1.606496
2.172821
1.708439
2.37876
1.783167
2.086161
2.335927
2.024561
1.609788
1.838406
1.774675
1.752216
2.371035
1.533337
1.991777
2.190286
1.751262
2.298785
1.953558
1.769281
2.10839
1.843072
1.606762
2.065013
2.004018
1.713765
1.421967
1.726888
1.761649
1.693405
1.824396
1.828917
2.930396
2.097138
1.967783
1.675916
1.879298
1.910716
1.966188
1.895705
1.808438
1.959764
1.653046
2.346209
1.976095
1.935323
2.367442
2.201986
1.661357
1.734552
2.37743
1.902412
1.820118
1.69118
2.156666
1.782435
2.188764
1.563152
1.973238
1.957641
2.268972
1.950538
1.985664
2.008866
1.7732
2.00004
1.925435
1.918304
2.038818
1.52044
2.130162
2.889112
1.906155
1.832572
1.937701
2.430477
1.834669
2.154675
1.714651
1.397276
1.792159
1.50131
2.065948
1.769708
2.164339
2.065642
2.608351
1.305187
1.771462
2.66976
1.81367
1.583565
1.97777
1.85233
1.747547
2.143758
1.80125
2.061853
2.072794
1.931374
2.062521
1.912511
1.602606
1.787465
2.459724
2.598847
2.047336
2.156367
2.103261
1.975767
2.15272
2.041834
1.535711
2.426831
2.585505
1.727179
2.222914
1.744154
1.651904
2.384668
1.732125
2.339413
1.847883
2.03455
2.009522
1.59096
2.420613
2.01591
2.310623
1.619622
1.524042
1.801798
2.086364
2.695541
1.9574
2.166442
2.001041
2.00161
1.959296
1.962003
1.883329
1.969433
1.72563
1.966145
1.763224
2.206488
2.036863
1.541876
1.628064
1.821274
1.825213
1.904365
2.583827
1.749493
2.055627
2.037306
1.710715
2.139638
2.342169
1.944744
1.8608
2.063318
2.021255
2.258614
1.907091
1.795487
1.629707
1.524085
1.891088
1.746327
1.687625
1.388275
2.231669
2.137416
1.963223
1.812763
1.936665
1.680524
1.64432
2.292889
1.81724
1.89198
2.709978
2.303897
2.108928
1.959306
2.034902
2.156397
2.04865
1.599784
2.12042
2.181725
2.011111
1.901629
1.532181
1.898673
1.998885
1.784718
1.914531
1.9836
2.000656
1.554611
2.150857
1.409319
2.105183
2.282766
1.31984
2.53542
2.335501
2.026191
2.053444
1.59954
2.015078
1.372265
2.011785
2.15472
1.798755
1.75244
1.949185
1.929817
1.873897
1.851195
1.939598
1.834813
1.960039
2.231202
1.95763
2.02642
1.616154
2.006473
2.253756
1.664143
1.978861
2.128393
1.700779
2.040854
2.222606
1.816023
2.32386
1.620226
2.106939
2.024635
2.072954
1.800089
2.244066
1.892548
1.499121
1.86908
1.987189
1.486948
2.270504
2.173431
1.886064
2.201974
1.646756
1.982266
1.548275
1.951253
2.278645
2.031151
2.402455
1.519474
2.082613
2.043354
1.950767
1.733613
1.76456
1.940943
1.850248
1.915295
1.869103
2.167345
1.95647
1.596958
1.646151
2.581993
1.742405
1.720091
2.230248
1.901291
2.386431
2.080384
1.92618
2.340408
2.084498
2.073525
2.303079
1.783791
2.125734
1.87252
1.907894
1.873518
1.824786
1.682577
1.541427
1.584219
1.968048
1.736053
2.062699
1.753385
1.714998
2.118727
2.164583
2.030923
1.971781
2.329806
1.982903
1.742769
1.612324
1.666929
1.796491
1.671996
2.096261
2.168903
1.578564
1.927352
1.599302
2.467331
1.685591
1.868883
1.755543
1.619241
1.82899
2.647187
1.679662
1.755226
1.897172
1.726701
1.42709
1.536886
1.822083
1.729192
1.460455
1.6993
1.444784
1.704955
1.767602
2.100152
1.576952
1.836188
2.278427
2.386824
1.724412
1.844408
2.159646
1.715043
1.780207
2.040807
2.176968
2.045967
2.706542
1.998331
1.812281
2.574779
2.106138
1.902472
