10.06456
9.957657
10.04346
9.909608
10.00107
10.13013
10.10435
10.37015
10.49672
10.63052
10.76006
10.90138
10.89585
10.92735
11.06741
11.05326
11.29653
11.27917
11.32564
11.33839
11.04563
11.02401
10.86958
10.87568
11.01588
11.15795
11.40187
11.47232
11.53224
11.45802
11.30997
11.06503
11.00328
10.97611
10.84328
10.85964
10.98269
10.88634
10.91683
10.65174
10.59543
10.59525
10.40317
10.50821
10.17967
10.37167
10.44998
10.68353
10.86847
10.99429
10.90046
11.00323
10.88072
10.94236
10.88217
11.0944
10.97084
11.07148
10.93004
11.20813
11.31759
11.26998
11.25203
11.21531
11.24147
11.43906
11.42859
11.51424
11.87126
12.23028
12.15637
12.07672
11.91531
11.85739
11.95308
12.0411
12.27926
12.28391
12.19745
12.33296
12.39846
12.27562
12.31459
12.20839
12.11187
12.0474
12.24185
12.22853
12.2233
12.35787
12.28058
12.36047
12.29413
12.41726
12.38849
12.47135
12.41335
12.35566
12.2264
12.13324
12.25417
12.57959
12.52538
12.62378
12.46555
12.41319
12.43024
12.43772
12.2641
12.25105
12.5037
12.3921
12.3209
12.10039
11.9345
12.00967
11.89149
11.85813
11.95398
11.85369
12.03443
12.19555
12.25937
12.37728
12.38299
12.44083
12.21887
12.21006
12.39566
12.1641
12.11478
12.12932
12.4091
12.49945
12.67145
12.47874
12.33095
12.25773
12.20341
12.16288
12.32713
12.16077
12.1104
12.18165
12.16601
12.103
12.01614
12.05076
11.94015
11.87789
11.81908
11.89397
11.82411
12.01879
12.11567
12.29979
12.36293
12.5023
12.82015
12.85764
12.77303
12.74259
12.64835
12.76246
12.94856
12.87238
12.86677
12.8876
12.9803
12.80708
12.70095
12.72234
12.68114
12.60202
12.47112
12.4026
12.31921
12.43629
12.314
12.16733
12.08707
11.90243
11.88934
11.70723
11.97218
12.06502
12.20271
12.46248
12.42371
12.1354
11.89499
11.95703
11.83588
11.85182
11.86934
11.93176
11.91119
11.86741
11.81003
11.86088
11.7915
11.71241
11.53336
11.52043
11.31509
11.4519
11.24318
11.31075
11.21748
11.22488
11.16262
11.16933
11.23122
11.15354
11.28147
11.17204
10.96001
10.54207
10.56771
10.78517
10.74369
10.71773
10.49009
10.57873
10.4865
10.56819
10.52891
10.34561
10.25304
10.39891
10.42682
10.40522
10.51551
10.45155
10.46388
10.56656
10.68905
10.46092
10.30341
10.36548
10.21604
10.29498
10.37701
10.3152
10.13754
10.47515
10.45886
10.66734
10.74313
10.89032
11.12724
11.30266
11.02035
10.92307
10.86206
11.09771
11.0123
10.98983
11.12525
11.04501
11.23391
11.27229
10.9581
10.99487
10.87694
10.79211
10.94786
11.10138
10.98788
11.22693
11.18999
11.21113
11.13675
11.09946
11.07903
11.38314
11.4618
11.39272
11.4031
11.28696
11.16081
11.01281
10.98717
11.08699
11.05647
11.05379
10.9997
10.96417
10.97944
10.75031
10.88803
10.85308
11.11541
11.12748
11.14215
11.35376
11.338
11.33759
11.45274
11.37527
11.27924
11.15034
11.20086
11.24482
11.09074
11.39717
11.38396
11.53621
11.66521
11.86506
11.89905
11.82264
11.73096
11.56993
11.46754
11.39329
11.49373
11.48256
11.34943
11.26186
11.40881
11.08065
10.97126
11.1034
11.17017
11.28861
11.24877
11.34481
11.3293
11.55013
11.65253
11.67474
11.57864
11.69856
11.64099
11.61567
11.59314
11.50415
11.53115
11.43661
11.62746
11.33213
11.33644
11.19884
11.31643
11.22563
11.35808
11.10487
11.10263
11.01028
11.17037
11.17064
11.01349
10.95444
10.82943
10.72157
10.99976
10.95371
11.17256
11.02606
10.98996
10.9884
11.18988
11.0516
11.08243
10.92017
10.87384
11.01406
10.94469
11.0277
11.03801
10.94253
10.86951
10.83196
10.69544
10.71216
10.75015
10.95142
11.31063
11.43856
11.28888
11.29191
11.04607
11.00908
10.92541
10.73385
10.63555
10.68261
10.78485
10.62499
10.51931
10.57258
10.72481
10.42719
10.38503
10.37783
10.23187
10.29474
10.28415
10.15779
10.24886
10.28307
10.1397
10.23462
10.16097
10.14921
10.05471
10.07846
9.836961
9.973624
10.11905
10.22774
10.29317
10.21757
10.22363
10.2515
10.28055
10.21487
10.26579
10.28415
10.34345
10.40651
10.41107
10.30875
10.3893
10.39943
10.2819
10.50013
10.39994
10.45441
10.3404
10.34373
10.39991
10.2981
10.39367
10.20401
10.10927
10.25623
10.38567
10.36043
10.41007
10.43249
10.42508
10.52787
10.65927
10.59387
10.59983
10.55674
10.5827
10.72346
10.58538
10.45381
10.49117
10.67815
10.59569
10.48287
10.58924
10.54011
10.6622
10.45329
10.29488
10.05466
10.24729
10.31546
10.14251
10.11498
10.10978
10.20705
10.06381
9.916442
10.02194
10.20482
10.20644
10.08238
10.12266
10.13747
9.845021
9.804508
9.756244
9.894258
9.742754
9.521924
9.477987
9.80477
9.979521
10.04896
10.28977
10.02625
10.14447
10.23485
10.34131
10.40902
10.25579
10.42262
10.55447
10.22755
10.06854
9.844621
9.670936
9.598958
9.766172
9.655511
9.617952
9.47401
9.489722
9.156604
8.986547
9.047688
9.150913
9.154415
8.975679
9.32265
9.314449
9.127772
9.077907
9.205402
9.378488
9.744356
9.595492
9.517222
9.685221
9.647077
9.693126
9.529985
9.561643
9.647185
9.56157
9.67578
9.599592
9.860294
9.894794
10.1578
10.24254
10.20798
10.21614
10.05009
10.15202
10.11559
10.26259
10.26826
10.34178
10.31023
10.4135
10.25324
10.15566
10.10892
10.23737
10.32882
10.26411
10.28054
10.27268
10.32289
10.22777
10.28443
10.26331
10.2428
10.4413
10.52017
10.42989
10.35535
10.21162
10.22524
10.23891
10.29278
10.214
10.21569
10.22932
9.982181
9.695787
9.705002
9.695615
9.871776
9.705217
9.591474
9.451209
9.53929
9.416347
9.402894
9.297001
9.295086
9.21814
9.096271
9.309818
9.333953
9.29611
9.458147
9.409306
9.358969
9.309978
9.192894
9.208497
9.185778
9.291536
9.602458
9.696359
9.610128
9.432299
9.587613
9.591712
9.513812
9.383775
9.626981
9.446066
9.487676
9.703575
9.694254
9.497138
9.685301
10.01357
9.942366
9.942529
9.997655
9.955957
9.848504
9.835689
9.779176
9.840149
10.01211
9.901073
9.958128
9.757757
9.80624
9.693938
9.661881
9.828432
9.929872
9.949513
9.971363
10.10545
10.11904
10.09594
9.860104
9.929704
9.967158
9.700234
9.518634
9.624202
9.605215
9.383772
9.42313
9.166973
9.053873
9.238867
9.140922
9.248022
9.215263
9.223222
9.132804
9.425201
9.308298
9.123256
9.238643
9.178907
9.384333
9.314214
9.341826
9.290336
9.371548
9.301172
9.353419
9.330361
9.426405
9.560398
9.784707
9.885329
9.996101
9.96993
10.11347
10.11039
10.28187
10.41044
10.38229
10.3779
10.42506
10.41026
10.50096
10.70081
10.75282
10.74326
10.54488
10.31708
10.43239
10.27223
10.33271
10.51868
10.32189
10.45353
10.41923
10.4037
10.51354
10.67882
10.56519
10.6823
10.63492
10.94596
10.90774
11.11275
11.24007
11.47011
11.54903
11.6155
11.7312
11.78738
11.96976
12.0134
12.07687
11.85472
12.02568
12.1855
12.09247
12.13149
12.07727
12.11915
12.07168
12.15576
12.09494
12.04197
11.87799
11.9326
11.71274
11.60067
11.58512
11.62499
11.62886
11.68891
11.61489
11.49139
11.59411
11.56801
11.56451
11.39054
11.52525
11.64858
11.72816
11.68692
11.62931
11.56772
11.65471
11.69468
11.82005
11.85988
11.94185
11.97373
11.96871
11.89137
12.07473
11.96148
11.84266
11.82368
11.70129
11.77354
11.84091
11.77133
11.74546
11.47096
11.57565
11.74677
12.01662
12.01492
12.10119
11.99085
11.93974
12.12367
12.27826
12.14568
12.16816
12.19434
12.03185
11.94908
11.74242
11.67832
11.61586
11.60366
11.61111
11.62847
11.70067
11.63695
11.45589
11.3161
11.04819
11.15295
11.13289
11.01034
11.04803
11.06973
11.07172
11.44559
11.40648
11.10642
11.04665
10.9235
11.13981
11.26062
11.35283
11.2642
11.1498
10.84599
10.86219
11.01993
10.95467
11.06092
10.91154
10.95815
10.87706
10.8123
10.83263
10.84497
10.96734
11.00154
11.05523
10.93488
11.07443
11.11366
10.92172
10.81919
10.82612
10.77059
10.61025
10.65996
10.6013
10.4541
10.65473
10.63242
10.84289
10.92794
10.93867
10.90319
11.08484
11.22493
11.13784
10.90031
10.93253
10.82319
10.76397
10.53532
10.55864
10.64053
10.64386
10.54684
10.7208
10.6045
10.50452
10.4186
10.25297
10.2972
10.30641
10.36372
9.981563
9.755439
9.927837
9.972805
9.984482
10.1704
10.04665
10.10984
10.22108
10.01219
10.09128
10.07499
10.2244
10.35616
10.34079
10.36219
10.34512
10.39735
10.48146
10.53838
10.71905
10.71758
10.59158
10.45119
10.51263
10.2357
10.43493
10.53102
10.47741
10.71228
10.93831
10.97774
11.08218
11.19847
11.236
11.11621
11.08981
11.30784
11.09576
11.10513
11.25991
11.35836
11.36252
11.33854
11.52967
11.59062
11.70418
11.69255
11.78043
11.75906
11.98773
12.22828
12.2531
12.26706
12.21174
12.26202
12.32061
12.2352
12.38635
12.55124
12.19777
12.29648
12.29295
12.08963
12.32956
12.41993
12.72104
12.79161
12.66196
12.62129
12.59076
12.72682
12.64402
12.36641
12.36798
12.43664
12.10186
12.12378
12.28059
12.22521
12.10172
11.99318
11.99038
11.84589
11.97225
12.13769
12.31529
12.30781
12.30232
12.25451
12.17895
12.49132
12.3734
12.55224
12.37317
12.45224
12.49031
12.40029
12.52154
12.55016
12.66937
12.62425
12.40817
12.37552
12.39468
12.60687
12.49049
12.20817
12.17817
12.14845
12.00685
12.09846
12.14141
12.18599
12.11424
12.23759
12.34146
12.49365
12.61451
12.52766
12.67456
12.75299
12.52353
12.54538
12.61832
12.50443
12.61873
12.44026
12.54245
12.65106
12.72303
12.81035
12.94541
12.92687
12.9595
12.9538
12.85788
13.01732
13.04431
13.05323
13.0941
12.96033
12.97402
12.92083
13.00349
13.03871
13.09881
13.20582
13.25829
13.24348
13.23827
13.22495
13.2573
13.32037
13.23173
13.18351
13.21493
13.24196
13.19037
13.12136
12.78436
12.88095
12.92205
12.95992
12.93011
12.88553
13.06828
12.94336
13.0273
12.87974
12.79793
12.73649
12.73498
12.60553
12.62916
12.98192
12.87732
12.85626
12.57774
12.54462
12.40274
12.30604
12.45525
12.46511
12.28871
12.51868
12.73495
12.71731
12.57598
12.63821
12.52881
12.41415
12.5047
12.53333
12.37151
12.4295
12.4564
12.64845
12.59716
12.72077
12.6978
12.88313
12.78899
12.89084
12.91407
12.82223
12.90365
13.03384
13.30585
13.07502
13.10209
13.1976
13.18552
13.16685
13.07411
12.99566
13.00773
13.32575
13.32822
13.50388
13.53768
13.50011
13.60758
13.59009
13.59426
13.74704
13.87079
13.98731
13.73897
13.78311
13.7252
13.68921
13.67913
13.6629
13.84744
13.63366
13.43322
13.44192
13.48937
13.52454
13.61424
13.64248
13.91024
13.67408
13.58453
13.75617
13.74091
13.68392
13.45873
13.66471
13.76453
13.79473
13.70742
13.83214
13.97446
13.91628
13.97537
13.84729
13.81948
13.92133
13.91581
13.93178
13.90599
13.97053
13.86092
13.79183
13.84389
13.90432
14.12406
14.28136
14.22841
14.02183
13.88988
13.90621
14.01065
13.99309
14.11396
13.95217
13.83016
13.73782
13.73364
13.44106
13.44729
13.49339
13.49555
13.32726
13.30758
13.27867
13.18115
13.24898
13.15498
13.11478
13.32725
13.01636
13.00214
13.02846
13.03569
12.82593
12.73319
12.71349
12.86175
12.8384
12.96139
13.00399
13.15314
13.31458
13.43431
13.29176
13.49311
13.50745
13.36032
13.42314
13.43035
13.27566
13.11904
13.04639
13.42135
13.41708
13.55597
13.57559
13.44976
13.44948
13.2845
13.21122
13.05108
13.18403
13.31076
13.25545
13.39292
13.23384
13.08147
12.98802
13.17283
13.07936
13.04944
12.95079
13.03982
13.06359
13.02068
12.86178
12.68582
12.73584
12.95362
13.14007
12.90933
12.95218
12.95718
12.81755
12.8892
12.71787
12.68958
12.85527
12.73827
