1.399156
1.763057
1.89872
1.602399
1.678091
1.660907
1.452988
2.109374
1.244936
1.615979
1.897384
1.382851
1.903019
1.879509
1.847746
1.4521
1.797348
2.376318
1.136196
1.692463
1.675962
2.00766
1.833039
1.455255
1.429985
1.513491
1.41906
1.442431
1.775239
2.126019
1.568974
1.343304
1.222443
2.336741
1.413488
1.380264
1.596109
1.337964
1.194583
1.377421
1.829322
1.790087
2.001225
1.555557
1.592576
1.420661
1.248608
1.793273
1.866414
1.667363
1.893437
1.381374
2.073915
1.727036
1.489496
1.370264
1.966594
1.874642
1.309564
1.412573
1.238918
1.782163
2.019686
1.576077
2.089421
1.411884
1.656817
1.45344
1.943182
2.085782
1.767848
2.082743
2.077077
1.784744
2.509029
2.087936
1.953001
1.871692
2.428065
1.593649
1.891304
1.283807
1.954792
1.810784
1.345719
1.64201
1.513609
2.302577
1.550088
1.805309
1.468783
1.559078
1.559539
1.556508
1.64844
1.376359
2.167296
1.585586
1.754535
1.915411
1.803814
1.965876
2.11356
1.555904
1.680343
1.815553
1.737112
1.272833
1.581794
1.662522
1.89483
2.070428
2.046778
1.506701
1.893946
2.371562
1.932212
1.335893
1.820993
1.505397
1.945955
1.913146
1.850541
1.438517
1.722748
2.162505
1.818091
2.233548
1.895175
1.95447
1.860184
1.498723
1.788104
1.582981
1.497255
1.581833
1.731738
1.861175
1.823636
1.328688
1.353407
1.838811
2.124511
1.458994
1.701648
2.451079
1.440512
1.991161
2.011123
2.001156
1.825873
1.353453
1.593934
2.023053
1.719394
1.712771
1.978844
1.649811
1.889457
1.875528
1.486792
2.039179
1.674741
2.282109
1.700762
1.807644
1.28024
1.54772
2.365979
1.556587
1.628317
1.92495
1.426372
1.84528
1.710409
2.451888
1.797862
1.276101
1.968961
2.235941
1.574475
1.538555
1.938065
1.728943
1.837833
2.090018
1.751101
1.662212
1.623558
1.707807
1.799249
1.72558
1.429922
1.466596
1.891447
1.370465
1.931612
2.241606
2.091762
2.002328
1.482189
2.017489
2.141064
1.50989
1.905291
1.959535
2.057584
1.645593
1.85128
1.256447
2.373998
1.976792
1.626954
1.838083
1.522356
1.720313
1.726842
1.702303
1.64366
1.759291
1.714293
2.219165
1.523508
2.024193
2.458398
1.939912
1.464247
1.28339
1.370208
1.620022
1.833936
2.106293
2.037773
2.332114
2.220383
1.406892
1.719373
1.787481
1.890443
1.91998
1.922244
1.853012
2.001515
1.586027
1.551469
1.521131
1.821073
1.608048
1.808426
1.65334
1.513254
2.023965
1.338459
1.466139
1.866512
1.368711
1.080098
2.258141
1.840336
1.697397
1.939283
1.945522
1.77778
1.498828
1.66582
1.459384
1.811517
1.63041
1.558385
2.02761
1.649056
2.148843
1.476029
2.416282
1.750171
1.796596
1.972285
1.387689
1.558705
1.971272
1.994392
1.56389
1.896053
2.059641
1.458462
1.614757
1.89862
2.089072
1.89064
1.751269
1.744282
2.04704
1.663719
1.724184
1.705451
1.746275
1.527664
2.098226
1.774445
1.911794
1.652777
1.626873
1.954932
2.012262
2.434904
2.296089
1.345002
1.434681
1.69512
1.95011
1.843245
1.511299
1.637651
1.536023
1.321003
1.679506
1.418967
1.869598
2.052939
2.051622
1.569405
1.302864
1.873354
1.93571
1.528549
1.777332
1.516665
1.763567
1.210265
1.802104
2.046945
1.636279
1.637872
1.449973
1.603698
1.59162
1.500394
1.688385
1.9605
1.724556
1.433049
1.602496
2.176508
1.700593
1.919037
1.873805
1.505081
2.074677
1.788389
1.798968
1.983054
1.805014
2.001411
1.519584
1.520915
1.637005
1.762316
1.478033
1.538095
1.868033
1.4689
1.74099
1.930145
2.218264
1.872023
1.677361
1.202154
1.529988
1.145648
1.555488
2.252192
1.532924
2.114236
1.797659
1.771586
1.613773
1.76373
1.992282
2.092514
1.842609
1.677527
1.731399
1.774132
1.545984
1.826309
1.510595
1.6013
2.109851
1.6614
1.537443
1.498833
1.966971
2.061809
1.730335
1.699827
1.836013
1.944397
1.736202
1.507984
1.651591
1.455344
1.970261
1.529437
1.826022
1.423504
1.664105
1.588964
1.794423
1.71908
1.357483
1.738879
1.659264
1.437564
1.506049
2.326236
2.005986
2.277067
1.277324
1.937266
1.28931
1.333777
2.281297
2.186637
1.96893
1.981363
1.634051
1.943821
1.64667
1.364379
1.620506
1.228991
2.199399
1.590793
1.753204
1.571208
1.494153
1.854479
1.51414
1.704243
1.417399
1.613791
2.03568
2.033268
2.103969
1.61443
1.570514
1.661886
2.005731
1.680521
1.63088
1.857242
1.612602
1.715337
2.081284
1.548228
1.872498
1.780381
1.704009
1.895304
1.576753
1.191827
1.525487
1.721282
1.825891
2.375446
1.582118
1.679286
1.87514
1.990601
1.618344
1.771162
1.58991
1.568401
1.169649
1.524305
1.869283
1.887929
1.424311
1.594478
2.015823
1.957176
1.766839
3.034848
1.547083
1.402308
2.089283
1.566129
2.901346
1.93143
1.682648
1.728559
1.855333
2.189884
1.492702
1.553421
1.542969
1.953454
2.161973
1.812499
1.880818
1.62397
2.161214
1.396802
1.955785
2.039726
1.866621
1.720768
1.356057
1.358685
1.974255
1.362981
1.657138
2.134277
1.701786
2.008106
1.567976
1.911489
1.454336
2.145222
1.833716
2.08178
1.89583
1.549921
2.165974
1.456875
1.871207
1.736068
1.298523
1.568716
1.62038
1.749136
1.587686
2.513568
1.42834
1.530855
1.487368
1.422583
1.569023
1.488101
1.354996
1.552057
1.977119
1.555506
1.767095
1.329185
1.950961
1.915434
1.407111
1.738875
1.232922
1.524185
1.533577
1.502965
2.370522
1.518657
1.661095
1.939248
1.608524
1.923146
1.754555
1.73002
1.400447
1.409147
1.795462
1.571778
1.726333
1.653838
1.601078
1.490377
1.542672
1.609055
1.747881
1.586895
1.499367
2.53139
1.940948
2.403389
1.895962
1.806115
2.53382
1.781303
1.860453
1.761844
1.903326
1.795391
1.94038
1.64729
1.56485
1.479552
1.510588
1.824358
1.922532
1.459311
2.172321
2.12419
1.612848
1.906576
1.782037
2.30462
1.533552
1.445103
1.842104
1.584419
1.753783
1.492447
1.890785
1.659485
1.811454
2.011444
1.513861
1.682254
1.394757
1.478465
1.938088
2.149253
2.022449
1.829704
1.707796
1.816483
2.352214
1.383633
1.942646
1.932458
1.477621
1.935025
2.203234
1.020525
1.468647
1.800165
1.61125
1.610045
1.614208
1.12473
1.386567
1.836512
1.384762
1.460665
1.814852
1.848829
1.711746
2.00449
1.631195
1.712609
2.030305
1.671871
1.897222
1.328007
1.475041
1.588115
1.638961
1.606417
2.066322
1.553587
1.884104
1.678281
1.714169
1.828472
1.536897
1.835559
1.983621
2.69173
1.42627
1.756249
1.568448
1.542673
1.223931
1.525143
2.036089
1.982577
1.877353
1.753645
1.822171
1.634805
1.546306
1.34763
1.854568
1.969218
1.663339
1.711432
1.977369
1.421949
1.651492
1.224935
1.726885
1.297593
1.85925
2.126744
1.654504
1.7772
1.393981
1.49343
1.532161
1.580843
1.729654
1.829603
1.552975
1.524729
1.569592
1.933415
1.627432
2.452469
1.564173
2.087537
1.704306
1.827179
1.333882
1.300112
1.869864
1.730991
1.753234
1.426986
1.969284
1.630738
1.889737
1.025656
1.529033
1.319638
1.599958
1.676946
1.336261
1.423891
1.617294
1.815111
1.699529
1.437267
1.539612
2.038059
2.020552
1.851993
2.305001
1.816049
1.675489
2.001542
1.716517
2.011763
1.807587
1.557789
1.713681
1.856134
1.550737
1.57687
1.805503
1.558722
2.022589
1.597872
1.749291
2.330704
1.744806
1.963242
1.629478
1.896742
2.072928
2.244335
1.467115
2.37468
1.942713
2.245684
1.886659
1.525906
1.566257
2.024303
1.715098
1.229164
1.673968
2.184859
1.294879
1.833526
1.69417
1.576269
1.987397
2.083145
2.01213
1.62337
1.526064
1.608145
1.704289
1.523757
1.571807
1.777842
1.575123
1.557553
1.687049
1.378247
1.218305
1.893005
1.272795
1.582896
1.746259
1.865996
1.74767
1.869623
1.491516
1.920243
1.848696
1.56079
1.248374
1.447813
1.778637
1.758871
1.40982
1.822323
1.830895
1.458504
1.667763
1.122845
1.789189
1.546042
1.680694
1.433359
1.275033
1.822546
2.237754
1.794972
1.714834
1.915321
2.162139
1.927874
1.653314
1.731861
1.638564
1.661415
1.517452
1.485723
1.834799
2.545224
1.624064
1.723704
1.383481
1.752261
1.849468
2.044311
2.244768
1.490941
1.624278
1.669826
1.668399
1.197445
1.85038
1.625937
2.033058
1.577234
2.077105
1.723666
1.431721
1.795049
1.717634
2.237363
2.11936
1.958459
1.285563
1.333446
1.450166
1.604173
2.085684
1.793065
1.812805
1.493455
1.526774
1.572815
1.673916
1.826965
1.759592
1.253225
1.961748
1.955443
1.584127
2.094638
1.724118
2.571008
2.549346
1.342689
1.390252
2.58731
1.817299
1.509803
1.778128
1.642366
2.074291
1.615868
1.352357
2.136532
1.575205
2.6698
1.734438
1.27229
1.503
1.445646
1.600045
1.887487
1.995393
1.576797
1.665309
1.604595
1.490381
2.009945
1.587451
1.681342
1.421014
2.215328
1.735526
1.399907
2.100201
2.305408
1.618321
1.545066
1.96683
1.615924
1.41236
1.332352
2.070399
1.849356
1.540788
1.401649
1.944783
2.025111
1.917905
1.878477
1.384101
2.46476
2.011084
1.487837
1.864347
1.280785
1.728975
1.453437
1.827768
1.273839
1.3989
2.429223
1.457813
1.930054
1.688718
1.855997
2.08821
1.949131
1.546108
1.376899
1.943231
1.176917
1.549313
2.020713
1.477923
1.731624
1.875685
1.715335
2.002673
1.913627
1.438055
1.704795
1.809149
1.373353
1.443006
1.517092
1.527181
1.687252
1.63858
1.287508
2.018941
1.94716
1.293713
1.390214
1.89816
1.564515
1.686186
1.662037
1.698777
2.164121
1.563621
1.611831
1.900124
1.450798
1.277959
1.913336
2.212196
2.392949
1.918721
1.717264
1.833847
1.479956
1.60649
1.982891
1.433132
1.752808
1.91726
1.609765
1.305251
1.742974
1.538104
1.598674
1.481658
1.539477
1.661619
1.362722
1.884764
1.965202
1.47476
1.347408
1.725195
1.821708
1.655457
1.588937
1.528015
1.78237
1.555618
2.427352
1.584018
1.702686
1.559681
1.736139
1.855036
1.737907
1.775972
1.546103
1.649215
1.773721
1.582708
1.985751
1.491995
1.559931
1.622694
1.7089
1.729737
1.546493
1.812157
1.555882
1.5716
2.089418
2.031954
2.233954
1.460938
1.8209
1.807664
1.700827
1.516255
1.40489
1.781299
1.705509
1.567547
2.073343
2.525277
1.483105
1.824777
1.738302
1.749125
1.71463
1.936346
1.754116
1.574461
1.948456
2.090064
1.558114
1.805823
2.343116
1.765217
1.920494
1.477188
1.49051
1.537894
1.642268
2.258036
1.517561
1.555399
1.899224
1.968696
1.415857
1.700108
1.76559
1.613936
1.62169
1.975629
2.367731
1.769239
1.777886
1.708848
2.189645
1.670804
1.897913
1.182527
1.622733
2.671939
1.730617
1.772983
1.435371
2.060813
1.418031
1.895373
1.713078
1.919903
1.863919
1.89033
1.885235
1.500513
1.582082
2.296919
2.342194
1.8318
1.599153
1.362002
1.818418
1.879537
1.916126
1.157368
1.563718
1.99851
2.256487
1.587444
1.766657
1.4786
2.268451
1.840859
1.550944
1.140451
1.760818
2.265077
1.545036
1.331152
2.333726
1.511312
1.974292
1.582097
1.628713
1.832903
1.611904
1.887781
1.668704
1.629678
1.747108
1.274486
1.783014
1.420025
1.272367
2.16926
2.083114
1.441726
1.64725
1.70358
1.699359
1.75856
1.972201
1.436106
1.796273
1.654926
1.435997
1.965006
1.723957
1.707698
1.913639
2.132062
2.35825
1.781514
1.834305
1.617592
2.065295
1.673256
1.996284
1.617259
1.523027
1.63946
1.955302
1.84111
2.040416
1.975343
1.826148
1.554125
1.801647
1.587868
1.584283
1.611016
1.574951
1.282897
1.754493
1.470785
1.953272
1.50531
1.57462
1.565286
2.009021
2.268582
1.521656
1.697708
2.094745
1.68076
2.098444
1.906491
1.899158
1.769394
1.449928
2.150702
1.7189
1.516484
2.423467
1.959217
1.908561
1.374604
1.826012
1.894912
1.525698
1.682325
1.524513
1.511918
