1.911234
1.471957
1.717693
1.700479
1.265815
1.154299
1.18782
1.084953
1.063046
1.130296
1.212539
1.615921
1.502443
1.387532
1.146661
1.104825
0.9971329
1.232253
1.140947
1.02678
0.9687947
0.9600888
1.110848
1.36927
1.077767
1.245675
1.080682
1.312693
1.405354
1.200241
0.9851408
1.315938
1.25282
1.439031
1.249694
1.186034
1.219884
1.027724
1.105164
1.07002
0.9500495
0.7530967
0.8705258
0.7440108
0.8218954
0.7717062
0.7109897
0.9072235
0.8998273
1.012243
0.9740273
1.16839
1.103897
1.615969
1.629254
1.40028
1.210204
1.410991
1.042586
1.042018
1.141578
1.367748
1.568979
1.425439
1.495594
1.303735
1.192821
1.28701
1.497046
1.307043
1.592427
1.177686
1.323452
1.156018
1.064994
1.403896
1.357815
1.102269
1.19692
1.213003
1.367443
1.394337
1.362101
1.327407
1.43462
1.414827
1.059923
0.9162624
1.029329
1.009404
1.132992
1.211973
0.9728558
1.038084
1.261664
0.9559085
1.064751
1.150034
1.275543
0.8885887
0.7692577
0.8762327
0.7635591
0.8320755
1.024611
0.8847796
0.9565234
1.000429
1.093742
1.142792
1.027313
0.8017021
0.9074657
0.830806
0.9240387
0.8853263
0.8716586
1.128865
1.240622
1.333101
1.522525
1.095756
1.445155
1.515161
1.573221
1.390245
1.234962
1.070846
1.144454
0.9592515
1.10124
1.30896
1.134281
1.114967
1.051452
1.19793
1.229963
1.005956
1.086591
0.9859855
1.053616
1.211649
1.245419
1.267513
1.066476
0.9557387
1.173917
1.443974
1.342974
1.470048
1.562632
1.516094
1.415171
1.358821
1.235298
1.158617
1.034321
1.136977
1.675077
1.439553
1.440583
1.193096
1.039103
1.024464
1.025001
0.9823525
1.261344
1.180431
1.175774
1.421982
1.316486
1.277193
1.724788
1.585809
1.317868
1.147099
1.260501
1.143451
1.464373
1.626154
1.824044
1.929051
1.797727
1.480701
1.241413
1.232517
0.8379238
0.8523736
0.9825844
1.129268
1.211287
1.134311
1.201855
0.994119
1.03188
0.9529428
1.207343
0.9675588
0.8639992
0.9247971
0.9836857
0.9691847
1.088327
1.050573
1.14802
1.205056
1.07538
1.270296
1.06868
0.8688581
0.9762701
1.166312
1.181455
1.323817
1.595332
1.752405
1.436005
1.193641
1.271206
1.194794
1.240543
1.240392
1.074198
0.934314
1.067946
1.181505
1.290146
1.248341
1.239952
1.237642
1.184793
1.236408
1.274377
1.111638
1.278475
0.9762337
1.151124
0.8845219
0.916525
1.135945
1.433533
1.236881
0.9384949
0.9040323
0.9035818
1.049617
1.129266
1.128029
0.8350245
0.8564795
0.8176041
0.763776
0.8121435
0.8796345
1.185522
1.341587
1.222526
1.084171
1.110778
1.16554
1.207574
1.209362
0.9834483
1.02405
1.23611
1.559769
1.348868
1.76163
2.247023
1.699807
1.512566
1.488674
1.184861
1.338371
1.153309
1.174751
0.9825804
0.9046929
0.9953826
0.8299171
0.9275264
1.147305
1.228015
1.066252
1.006373
1.195409
1.46256
1.536568
1.530112
1.353697
1.189553
1.482041
1.453209
1.251504
1.360668
1.27198
1.158891
1.039336
1.193796
1.055981
1.280321
1.10378
1.327181
1.453677
1.163746
1.315207
1.279053
1.277687
1.122933
0.7789313
0.705269
0.6098319
0.8980156
0.9975306
0.826898
0.7803706
1.082334
1.228852
1.279538
1.121646
1.142353
1.163451
1.240924
1.15806
1.117811
1.203404
1.254509
1.445699
1.512646
1.687799
1.629385
1.742904
1.722745
1.423988
1.387341
1.483515
1.391752
1.21105
1.054802
1.220049
1.282967
1.084554
1.080438
0.9123506
0.8732214
0.7313266
0.6805386
0.7793084
1.056409
0.8568412
0.8024415
0.909906
1.005654
1.007248
0.9012604
0.9548717
1.129784
1.138115
1.278151
1.01245
0.7998138
0.8052812
0.9897753
1.274619
1.252595
1.144938
1.378466
1.304088
1.289515
1.270481
1.291242
1.181122
1.26573
1.329361
1.490274
1.432609
1.630525
1.69238
1.331802
1.197779
1.338458
1.327051
1.250022
1.222178
1.237905
1.211853
1.058665
1.082427
1.095975
0.8872559
0.7201964
0.650556
0.7294784
0.8635766
0.9005157
1.028305
1.044345
1.096711
1.080971
1.10747
1.179287
1.50312
1.567778
1.379683
1.22696
1.11825
1.272716
1.081399
1.050597
1.138709
1.114209
1.144739
1.136786
1.192019
1.156696
1.056143
0.9988552
1.133042
0.930635
0.9964925
0.9669465
1.130982
1.064138
0.9946931
1.127073
1.155923
1.103526
0.9997641
1.218742
0.9270401
0.9865091
0.9542179
1.017048
1.035708
0.8913217
0.9937352
1.012254
1.000036
1.0988
1.215639
1.48709
1.41978
1.522943
1.591164
1.731736
1.365247
1.2657
1.357279
1.404663
1.518908
1.307612
1.252256
1.244664
1.154244
1.116116
1.082632
1.138151
1.007398
1.003991
1.105608
0.8819589
1.160242
0.9541204
1.111138
1.059774
1.216121
1.229508
1.251705
1.057914
1.08245
0.9338943
0.950945
0.8907779
1.19138
1.323427
1.557545
1.487888
1.367777
1.198197
1.131434
1.091
1.241778
1.527332
1.716681
1.361126
1.343155
1.012074
1.197784
1.232003
0.9523717
1.247302
0.9695617
1.024883
0.807491
0.8340466
0.997055
1.100826
1.151501
1.082919
1.285849
1.181388
1.140643
1.007604
0.9408588
1.011449
0.9953356
0.9545894
1.069916
1.303903
1.418645
1.06378
1.040459
1.190432
1.329973
1.445631
1.165268
1.3244
1.686031
1.333272
1.115311
0.9924577
0.8402024
0.8467455
1.146147
1.035642
1.090936
1.368347
1.002441
0.8573791
1.028667
1.104423
0.9484868
0.9779749
0.9799473
0.9141755
1.129315
1.002978
0.9202552
0.8407224
0.8517016
0.9615275
1.03712
1.196057
1.030122
1.307199
1.47351
1.368431
1.197615
1.061087
1.211307
1.661123
1.770696
1.555884
1.617892
1.380715
1.471931
1.130414
1.268705
1.397006
1.113228
1.107734
1.111667
1.068673
0.9893198
1.259231
1.000294
1.089556
1.119044
1.100095
1.076942
1.19231
1.017365
0.8791179
1.016331
1.103627
1.534397
1.64321
1.484404
1.373066
1.466327
1.38208
1.507871
1.661903
1.749065
1.136579
1.122
1.034066
1.084863
1.043831
0.8513005
0.8942788
1.102268
0.8365769
0.8834525
1.008885
1.085823
1.170262
1.478189
0.9973852
1.19453
1.031278
1.098812
0.9338855
0.8222496
0.9057726
0.8629932
0.8480934
0.9981179
0.9686824
1.187525
1.140845
0.8895439
0.8106684
0.8681786
0.9992044
0.9941747
1.20268
1.135521
1.008807
1.089167
1.288345
0.9913076
0.9099791
0.8446141
0.9787842
0.9500552
1.064091
1.247569
1.383664
1.486259
1.536602
1.762336
1.69045
1.70787
1.758689
1.261281
1.047505
0.9049261
0.8145347
0.8641917
1.010083
1.0444
0.7977743
0.7441295
0.9923817
1.041798
1.094592
0.9297158
1.141944
1.205136
1.013475
0.898389
0.8707848
0.961043
1.013906
0.9618379
0.8789232
0.7634633
0.9201901
0.8357733
1.01959
1.022583
1.144174
1.256435
1.476738
1.331251
1.619879
1.5555
1.775911
1.611763
1.564777
1.415773
1.365292
1.305738
1.152682
1.150235
1.201184
1.230835
1.185941
1.351374
1.332177
1.607445
1.836866
1.520668
1.07531
1.049873
1.08303
1.423848
1.29163
1.599729
1.080449
0.9266528
0.8837891
0.8470865
0.9730979
0.9360138
0.8503085
0.9129605
1.078223
0.8313609
0.7360569
0.9829561
1.020624
1.357689
1.012638
1.369177
1.556874
1.380474
1.065692
0.9710338
1.048782
0.9780243
0.8847715
1.094632
1.086109
1.089335
1.005991
0.9405584
0.8887218
0.9917604
1.066461
0.8659352
0.7590486
0.9095252
0.8011132
0.8641265
0.9488187
0.7094445
0.6236639
0.6346731
0.8458247
0.8497436
0.9728716
1.049059
1.402195
1.271992
1.153201
0.9664115
0.7894754
0.824932
1.052027
1.16687
1.102335
1.181204
1.193836
1.145589
1.144775
1.364698
1.324957
1.206014
1.144099
1.240388
1.429704
1.36904
1.15694
1.298125
1.109342
1.069357
1.180317
1.383108
1.386216
1.365082
1.13819
1.010104
0.9380349
0.9676238
1.039956
1.04802
0.9979664
1.251188
1.065482
1.172778
1.420013
1.39861
1.549958
1.094976
0.9465818
0.8325417
0.9332185
1.044708
1.226352
1.15616
1.472324
1.437253
1.074844
1.069013
1.136959
1.038774
0.9063118
0.8159924
1.069762
0.9668917
1.009254
1.103729
1.211787
1.135256
0.9746561
1.110534
1.139838
1.00226
1.023361
1.152561
0.8368188
0.7564633
0.7004726
0.6470769
0.6867288
0.9610953
0.972403
1.24572
1.13022
0.9865212
0.8163615
0.9457629
1.006467
0.9474158
1.112272
1.104143
1.059908
1.212501
1.162131
1.163329
1.134331
1.341986
1.004593
1.050077
1.023691
1.003763
1.036794
1.007827
1.227869
1.153113
1.229025
1.139234
1.205914
1.225319
1.038948
0.9283794
0.9116644
0.9616436
0.8907126
1.068551
1.036226
0.9768825
0.8744686
0.8132058
0.8477393
0.9156805
1.185158
1.090211
1.24916
1.131457
1.176907
1.0083
0.8305479
0.7120198
0.7231315
0.6444164
0.5890371
0.6588386
0.6437035
0.7393978
0.7238585
0.8811644
0.937079
0.8844404
0.9424321
0.7882667
0.7205858
0.6881623
0.7014685
0.5733668
0.7754468
0.956387
1.147238
1.155148
1.109283
1.170253
1.148089
1.227115
1.03998
1.186596
1.324155
1.197579
0.9971722
1.235402
1.317445
1.764658
1.676362
1.526552
0.975915
0.91627
0.9900026
0.8287087
1.040445
1.046001
0.9705489
1.051067
1.05772
0.8241836
0.7283817
1.075273
0.6983104
0.8994223
1.180395
1.206055
1.185008
1.204701
1.365649
1.48728
1.246862
1.38719
1.336578
1.263982
1.231909
1.132915
1.049495
0.823887
0.8248542
1.191458
1.447066
1.400546
1.276876
1.207523
1.404309
1.355569
1.330245
1.319237
1.10852
1.026244
1.522143
1.540087
1.371131
1.135302
0.9928522
1.090859
0.9540487
0.8679964
0.8337763
0.9491945
0.7533892
0.8136706
0.8875746
0.9635582
0.9033286
0.8657203
0.7411433
0.8422211
0.9625681
1.008057
1.005719
0.9651321
1.018503
0.9354831
0.8648895
0.7601301
0.7360501
0.96266
0.9551566
0.9844834
1.274203
1.327107
1.110781
1.291874
1.177868
1.03322
1.462386
1.236318
1.197381
1.419687
1.238838
1.261522
0.9018257
1.070491
0.975515
1.143724
1.128463
1.277789
1.167767
1.004771
1.11596
1.559527
1.276868
1.214281
1.159734
1.009079
1.024629
1.072953
0.9935768
1.243441
1.35312
1.288367
1.224008
1.081605
0.8867217
0.9341707
0.8274704
0.9529582
0.9407547
0.8967319
0.918682
0.9933765
1.188275
1.035669
1.370001
1.364105
1.076556
1.009598
0.943202
0.8764092
0.9274026
0.9358165
1.037735
0.9248626
0.7573536
0.9102813
0.8296974
0.9398099
0.8034359
0.8902749
0.6794236
1.05112
0.9340809
0.8008491
0.9434068
1.08242
0.9962807
1.099756
1.203706
0.8718537
0.8635687
0.8129944
0.9189737
1.252643
1.084762
0.975479
1.00288
0.910339
0.8431483
0.863328
0.9219597
0.8653238
1.036717
1.152494
1.073301
0.9722781
0.8074764
1.153037
1.181265
1.038951
1.089329
1.056122
1.148491
1.263526
1.122545
0.8578816
0.9196948
0.6780237
0.848409
0.8920654
1.315095
1.216439
1.124
1.225958
1.390581
1.628806
1.572892
1.22894
1.496851
1.453722
1.402294
1.233155
1.224585
1.105292
1.331649
1.435045
1.342672
1.524858
1.404384
1.131677
1.368286
1.419909
1.365786
1.400319
1.403559
1.118246
1.126473
1.23959
1.44635
1.712871
1.696447
1.553985
1.206166
0.9846071
1.162794
1.075327
1.091281
1.133816
1.057257
1.006633
0.8911122
1.184954
0.9299902
1.068245
0.9897101
0.9739151
1.132825
0.9247117
0.8536687
0.619232
0.6255243
0.5454328
0.4992965
0.5999942
0.771247
0.787381
0.8858216
0.9797717
0.8497054
1.054341
1.138438
1.202263
1.644141
1.235605
1.512051
1.316698
1.067649
0.943728
1.03006
1.010707
1.421635
1.594187
1.100469
1.186639
1.217014
1.050586
1.320123
1.255834
1.041973
1.114527
0.9730743
1.20504
1.512346
1.711461
1.383844
1.268083
1.091462
1.033515
1.048809
0.9661643
1.249074
0.9743334
0.9037272
0.8289392
1.010035
1.014774
1.211315
0.9621558
0.7796934
0.7510157
0.6653444
0.802088
0.7209546
0.6464467
0.6908168
0.7236166
0.9146552
0.9233879
1.002548
1.076032
1.284632
1.012513
0.9528966
0.8423015
0.5485863
0.719428
0.7525933
0.9312517
0.965834
0.9590262
0.8750813
0.8870114
0.8229926
0.984643
0.8249668
0.9974252
0.9918591
1.254228
1.229449
0.8849286
1.097074
1.164119
1.072028
1.137315
1.126738
1.262311
1.219642
1.202169
1.147617
0.8724869
